date,0
2017-11-24,0.11776012026305042
2017-11-25,-0.009864329623534592
2017-11-26,0.008028128396283847
2017-11-27,0.007798372767076356
2017-11-28,-0.014492173804145237
2017-11-29,-0.05846127356837782
2017-11-30,0.01378840454503041
2017-12-01,0.035142497775898944
2017-12-02,-0.0025867040787916776
2017-12-03,0.006686612759651219
2017-12-04,0.0036457572165361114
2017-12-05,-0.013267204146202312
2017-12-06,-0.036153723845256634
2017-12-07,-0.0038597602662809494
2017-12-08,0.047389593756970154
2017-12-09,0.02778686440680969
2017-12-10,-0.05036556876050648
2017-12-11,0.08140309474973263
2017-12-12,0.185367546417913
2017-12-13,0.008534205718639913
2017-12-14,-0.0017306254529122114
2017-12-15,-0.004384353211932279
2017-12-16,0.0042292045334401855
2017-12-17,0.015835800417594824
2017-12-18,0.02808846391969088
2017-12-19,0.01604464430811049
2017-12-20,-0.011853742425081734
2017-12-21,-0.0016411538161961276
2017-12-22,-0.050547066287963516
2017-12-23,0.02075184544972442
2017-12-24,-0.016556544411650425
2017-12-25,0.023134717275080412
2017-12-26,0.0053122118532149916
2017-12-27,-0.004140371549830033
2017-12-28,-0.010926692203539638
2017-12-29,0.014103101647209168
2017-12-30,-0.014721817459277581
2017-12-31,0.013328682142528511
2018-01-01,0.006429072756638624
2018-01-02,0.08911572636082792
2018-01-03,0.049675054371857305
2018-01-04,0.0047169127925057956
2018-01-05,0.003338141182295659
2018-01-06,0.02581357616569342
2018-01-07,0.04992843087390423
2018-01-08,0.014713596862419053
2018-01-09,0.06961325951080174
2018-01-10,-0.021313880823260575
2018-01-11,-0.039639625321611575
2018-01-12,0.059281215299480224
2018-01-13,0.0488220499459222
2018-01-14,-0.006783232016198941
2018-01-15,-0.029838943190894487
2018-01-16,-0.08296623034643927
2018-01-17,-0.018454663753632156
2018-01-18,0.0023783421875033504
2018-01-19,0.004337668275119174
2018-01-20,0.04807363246690248
2018-01-21,-0.038346619805868475
2018-01-22,-0.016995971674435784
2018-01-23,-0.0027282339749914366
2018-01-24,0.025099963612767128
2018-01-25,-0.0013627594757588284
2018-01-26,-0.0012331272049923533
2018-01-27,0.019955761637091837
2018-01-28,0.022673770053109957
2018-01-29,-0.017145045214477732
2018-01-30,-0.019878748373465868
2018-01-31,0.008511345438678273
2018-02-01,-0.014563006233296483
2018-02-02,-0.022522190865504586
2018-02-03,0.011539946013952158
2018-02-04,-0.027776956097569167
2018-02-05,-0.03519575904071708
2018-02-06,-0.0001226815386456454
2018-02-07,-0.008335313485824846
2018-02-08,0.013343830971239697
2018-02-09,0.014723295740082484
2018-02-10,-0.004950798154419505
2018-02-11,-0.008209133938195688
2018-02-12,-0.00011629401047997067
2018-02-13,-0.0
2018-02-14,0.0
2018-02-15,0.0
2018-02-16,0.0
2018-02-17,0.0
2018-02-18,-0.0
2018-02-19,0.0
2018-02-20,-0.0
2018-02-21,-0.0
2018-02-22,-0.0
2018-02-23,0.0
2018-02-24,-0.0
2018-02-25,0.0
2018-02-26,0.00752283273864198
2018-02-27,0.003338706443579491
2018-02-28,-0.008960662355463994
2018-03-01,0.007162185687021868
2018-03-02,-0.000204661265878192
2018-03-03,-0.0006753334799346833
2018-03-04,0.0029531718977834093
2018-03-05,-0.00022787216215719864
2018-03-06,-0.019188082911898836
2018-03-07,-0.00024598009922528253
2018-03-08,-0.0
2018-03-09,0.0
2018-03-10,-0.0
2018-03-11,0.0
2018-03-12,-0.0
2018-03-13,-0.0
2018-03-14,-0.0
2018-03-15,-0.0
2018-03-16,-0.0
2018-03-17,-0.0
2018-03-18,-0.0
2018-03-19,0.0
2018-03-20,0.0
2018-03-21,0.0
2018-03-22,-0.0
2018-03-23,-0.0
2018-03-24,-0.0
2018-03-25,-0.0
2018-03-26,-0.0
2018-03-27,-0.0
2018-03-28,-0.0
2018-03-29,-0.0
2018-03-30,0.0
2018-03-31,0.0
2018-04-01,-0.0
2018-04-02,0.0
2018-04-03,0.0
2018-04-04,-0.0
2018-04-05,0.0
2018-04-06,-0.0
2018-04-07,0.0
2018-04-08,0.0
2018-04-09,-0.0
2018-04-10,0.0
2018-04-11,0.0
2018-04-12,0.0
2018-04-13,0.0
2018-04-14,0.0
2018-04-15,0.0
2018-04-16,-0.0
2018-04-17,-0.0
2018-04-18,0.0
2018-04-19,0.0
2018-04-20,0.0
2018-04-21,-0.0
2018-04-22,0.0
2018-04-23,0.0
2018-04-24,0.0
2018-04-25,-0.0
2018-04-26,0.0
2018-04-27,-0.0
2018-04-28,0.0
2018-04-29,0.0
2018-04-30,-0.0
2018-05-01,0.0
2018-05-02,0.0
2018-05-03,0.0
2018-05-04,0.0
2018-05-05,0.0
2018-05-06,-0.0
2018-05-07,-0.0
2018-05-08,0.0
2018-05-09,-0.0
2018-05-10,-0.0
2018-05-11,-0.0
2018-05-12,0.0
2018-05-13,0.0
2018-05-14,-0.0
2018-05-15,-0.0
2018-05-16,-0.0
2018-05-17,-0.0
2018-05-18,0.0
2018-05-19,0.0
2018-05-20,0.0
2018-05-21,-0.0
2018-05-22,-0.0
2018-05-23,-0.0
2018-05-24,0.0
2018-05-25,-0.0
2018-05-26,0.0
2018-05-27,-0.0
2018-05-28,-0.0
2018-05-29,0.0
2018-05-30,-0.0
2018-05-31,0.0
2018-06-01,0.0
2018-06-02,0.0
2018-06-03,0.0
2018-06-04,-0.0
2018-06-05,0.0
2018-06-06,-0.0
2018-06-07,-0.0
2018-06-08,-0.0
2018-06-09,-0.0
2018-06-10,-0.0
2018-06-11,0.0
2018-06-12,-0.0
2018-06-13,-0.0
2018-06-14,0.0
2018-06-15,-0.0
2018-06-16,0.0
2018-06-17,-0.0
2018-06-18,0.0
2018-06-19,0.0
2018-06-20,-0.0
2018-06-21,-0.0
2018-06-22,-0.0
2018-06-23,0.0
2018-06-24,-0.0
2018-06-25,0.0
2018-06-26,-0.0
2018-06-27,0.0
2018-06-28,-0.0
2018-06-29,0.0
2018-06-30,0.0
2018-07-01,0.0
2018-07-02,0.0
2018-07-03,-0.0
2018-07-04,0.0
2018-07-05,0.0
2018-07-06,0.0
2018-07-07,0.0
2018-07-08,0.0
2018-07-09,-0.0
2018-07-10,-0.0
2018-07-11,0.0
2018-07-12,-0.0
2018-07-13,0.0
2018-07-14,0.0
2018-07-15,0.0
2018-07-16,0.0
2018-07-17,0.0
2018-07-18,-0.0
2018-07-19,-0.0
2018-07-20,-0.0
2018-07-21,0.0
2018-07-22,-0.0
2018-07-23,-0.0
2018-07-24,0.0
2018-07-25,-0.0
2018-07-26,-0.0
2018-07-27,0.0
2018-07-28,-0.0
2018-07-29,-0.0
2018-07-30,-0.0
2018-07-31,-0.0
2018-08-01,-0.0
2018-08-02,-0.0
2018-08-03,0.0
2018-08-04,-0.0
2018-08-05,0.0
2018-08-06,-0.0
2018-08-07,-0.0
2018-08-08,-0.0
2018-08-09,0.0
2018-08-10,-0.0
2018-08-11,-0.0
2018-08-12,-0.0
2018-08-13,-0.0
2018-08-14,-0.0
2018-08-15,0.0
2018-08-16,0.0
2018-08-17,0.0
2018-08-18,-0.0
2018-08-19,0.0
2018-08-20,-0.0
2018-08-21,0.0
2018-08-22,-0.0
2018-08-23,0.0
2018-08-24,0.0
2018-08-25,-0.0
2018-08-26,-0.0
2018-08-27,0.0
2018-08-28,0.0
2018-08-29,-0.0
2018-08-30,-0.0
2018-08-31,-0.0
2018-09-01,0.0
2018-09-02,-0.0
2018-09-03,-0.0
2018-09-04,-0.0
2018-09-05,-0.0
2018-09-06,-0.0
2018-09-07,-0.0
2018-09-08,-0.0
2018-09-09,-0.0
2018-09-10,0.0
2018-09-11,-0.0
2018-09-12,-0.0
2018-09-13,0.0
2018-09-14,-0.0
2018-09-15,0.0
2018-09-16,-0.0
2018-09-17,-0.0
2018-09-18,0.0
2018-09-19,-0.0
2018-09-20,0.0
2018-09-21,0.0
2018-09-22,-0.0
2018-09-23,0.0
2018-09-24,-0.0
2018-09-25,-0.0
2018-09-26,-0.0
2018-09-27,0.0
2018-09-28,-0.0
2018-09-29,0.0
2018-09-30,0.0
2018-10-01,-0.0
2018-10-02,-0.0
2018-10-03,-0.0
2018-10-04,0.0
2018-10-05,0.0
2018-10-06,-0.0
2018-10-07,0.0
2018-10-08,0.0
2018-10-09,-0.0
2018-10-10,-0.0
2018-10-11,-0.0
2018-10-12,0.0
2018-10-13,0.0
2018-10-14,-0.0
2018-10-15,0.0
2018-10-16,0.0
2018-10-17,-0.0
2018-10-18,-0.0
2018-10-19,0.0
2018-10-20,0.0
2018-10-21,-0.0
2018-10-22,-0.0
2018-10-23,0.0
2018-10-24,-0.0
2018-10-25,-0.0
2018-10-26,0.0
2018-10-27,0.0
2018-10-28,0.0
2018-10-29,-0.0
2018-10-30,0.0
2018-10-31,0.0
2018-11-01,0.0
2018-11-02,0.0
2018-11-03,-0.0
2018-11-04,0.0
2018-11-05,-0.0
2018-11-06,0.0
2018-11-07,-0.0
2018-11-08,-0.0
2018-11-09,-0.0
2018-11-10,0.0
2018-11-11,-0.0
2018-11-12,-0.0
2018-11-13,-0.0
2018-11-14,-0.0
2018-11-15,0.0
2018-11-16,-0.0
2018-11-17,0.0
2018-11-18,0.0
2018-11-19,-0.0
2018-11-20,-0.0
2018-11-21,0.0
2018-11-22,-0.0
2018-11-23,-0.0
2018-11-24,-0.0
2018-11-25,0.0
2018-11-26,-0.0
2018-11-27,0.0
2018-11-28,0.0
2018-11-29,-0.0
2018-11-30,-0.0
2018-12-01,0.0
2018-12-02,-0.0
2018-12-03,-0.0
2018-12-04,0.0
2018-12-05,-0.0
2018-12-06,-0.0
2018-12-07,0.0
2018-12-08,-0.0
2018-12-09,0.0
2018-12-10,-0.0
2018-12-11,-0.0
2018-12-12,0.0
2018-12-13,-0.0
2018-12-14,-0.0
2018-12-15,-0.0
2018-12-16,0.0
2018-12-17,0.0
2018-12-18,0.0
2018-12-19,-0.0
2018-12-20,0.0
2018-12-21,-0.0
2018-12-22,0.0
2018-12-23,0.0
2018-12-24,0.0
2018-12-25,-0.0
2018-12-26,0.0
2018-12-27,-0.0
2018-12-28,0.0
2018-12-29,0.0
2018-12-30,-0.0
2018-12-31,-0.0
2019-01-01,0.0
2019-01-02,0.0
2019-01-03,-0.0
2019-01-04,0.0
2019-01-05,0.0
2019-01-06,0.0
2019-01-07,-0.0
2019-01-08,-0.0
2019-01-09,0.0
2019-01-10,-0.0
2019-01-11,-0.0
2019-01-12,-0.0
2019-01-13,-0.0
2019-01-14,0.0
2019-01-15,-0.0
2019-01-16,0.0
2019-01-17,0.0
2019-01-18,-0.0
2019-01-19,0.0
2019-01-20,-0.0
2019-01-21,-0.0
2019-01-22,0.0
2019-01-23,-0.0
2019-01-24,0.0
2019-01-25,-0.0
2019-01-26,0.0
2019-01-27,-0.0
2019-01-28,-0.0
2019-01-29,-0.0
2019-01-30,0.0
2019-01-31,-0.0
2019-02-01,0.0
2019-02-02,0.0
2019-02-03,-0.0
2019-02-04,0.0
2019-02-05,0.0
2019-02-06,-0.0
2019-02-07,-0.0
2019-02-08,0.0
2019-02-09,0.0
2019-02-10,0.0
2019-02-11,-0.0
2019-02-12,0.0
2019-02-13,-0.0
2019-02-14,-0.0
2019-02-15,0.0
2019-02-16,0.0
2019-02-17,0.0
2019-02-18,0.0
2019-02-19,-0.0
2019-02-20,0.01542607030730843
2019-02-21,-0.013884328663363352
2019-02-22,0.013287764323313843
2019-02-23,0.039326290127543684
2019-02-24,-0.0767884975426721
2019-02-25,0.007832919756325381
2019-02-26,-0.0068012032309377034
2019-02-27,-0.005476037914309615
2019-02-28,0.002358151163367206
2019-03-01,0.00031148793276853043
2019-03-02,-0.009793088690417853
2019-03-03,-0.009661045909446535
2019-03-04,-0.017569006358828396
2019-03-05,0.041708895663808476
2019-03-06,0.004962425179915224
2019-03-07,-0.003562343718132019
2019-03-08,-0.012625568374205845
2019-03-09,0.013279859346601334
2019-03-10,-0.003924305039466033
2019-03-11,-0.0002943224993847627
2019-03-12,0.0
2019-03-13,-0.0
2019-03-14,0.0
2019-03-15,0.0
2019-03-16,0.0
2019-03-17,-0.015905593150171825
2019-03-18,-0.006839817497149245
2019-03-19,0.005397869736286485
2019-03-20,-0.0005218845327916837
2019-03-21,-0.052953133225142966
2019-03-22,-0.001050022220552669
2019-03-23,0.0030720826554631736
2019-03-24,-0.006836661535057204
2019-03-25,-0.015836271845233434
2019-03-26,-0.0005490175850955056
2019-03-27,0.0
2019-03-28,-0.016115292034434153
2019-03-29,0.04299433635404708
2019-03-30,-0.002234373016286172
2019-03-31,-0.0006868068796301607
2019-04-01,-0.0006768938398696179
2019-04-02,0.20426931033233764
2019-04-03,-0.03623629022520477
2019-04-04,-0.016630176414251817
2019-04-05,0.05679996658700005
2019-04-06,-0.0036262608781759136
2019-04-07,0.06045478650462945
2019-04-08,0.03912852264878269
2019-04-09,-0.028858957491791352
2019-04-10,0.008989540489516822
2019-04-11,-0.07282427040119495
2019-04-12,-0.004129932212696957
2019-04-13,-0.004723919915465861
2019-04-14,0.02356660934791909
2019-04-15,-0.04483180940877888
2019-04-16,0.03694956034311648
2019-04-17,-0.0018539434895383097
2019-04-18,0.04238896308328605
2019-04-19,0.0005029561971245902
2019-04-20,-0.0025690690578578507
2019-04-21,-0.01863457217447147
2019-04-22,0.009179639116080798
2019-04-23,-0.005964475722538692
2019-04-24,-0.05265974392550041
2019-04-25,-0.11958281633919474
2019-04-26,0.0036142221498980196
2019-04-27,0.01243246536303153
2019-04-28,-0.011873851162261096
2019-04-29,-0.0036688458576697378
2019-04-30,0.03783657660527746
2019-05-01,-0.007929688593485739
2019-05-02,0.004842247398587636
2019-05-03,0.02795545664187072
2019-05-04,-0.02590278603773582
2019-05-05,-0.0032370479638350064
2019-05-06,0.10908893012352838
2019-05-07,-0.01835915056721944
2019-05-08,-0.0046025238559805025
2019-05-09,0.0027824009162974034
2019-05-10,0.009284580678235349
2019-05-11,0.12801708036907217
2019-05-12,-0.06548838470236104
2019-05-13,0.045604811105931696
2019-05-14,0.11139982720899862
2019-05-15,0.12669457881427945
2019-05-16,0.04949895408670861
2019-05-17,-0.06902306260563305
2019-05-18,-0.024286501657899418
2019-05-19,0.09017219093049325
2019-05-20,-0.027312038662776067
2019-05-21,0.01264048269179614
2019-05-22,-0.0352039589055888
2019-05-23,0.003682542342186619
2019-05-24,0.008630438839775698
2019-05-25,0.00873811122793622
2019-05-26,0.046941779168799436
2019-05-27,0.011558435375721161
2019-05-28,-0.0037928730733894018
2019-05-29,-0.005153721301855182
2019-05-30,-0.04050621331822248
2019-05-31,0.033686311505729
2019-06-01,-0.004352152624362088
2019-06-02,0.014808620033612767
2019-06-03,-0.05778981949262402
2019-06-04,-0.03916881479237394
2019-06-05,0.013901401002544021
2019-06-06,0.0023114662051554945
2019-06-07,0.00599872081555776
2019-06-08,-0.012543473520147078
2019-06-09,-0.03874757528145127
2019-06-10,0.04557109877864519
2019-06-11,-0.0024573244544639494
2019-06-12,0.03610608076103892
2019-06-13,-0.010224576396191317
2019-06-14,0.04432037263988012
2019-06-15,0.01920435109444786
2019-06-16,0.0035655542054850112
2019-06-17,0.018166193418532903
2019-06-18,-0.04671887424186235
2019-06-19,0.024555701279814428
2019-06-20,0.015462629994778505
2019-06-21,0.11403792584290676
2019-06-22,0.05409651539786953
2019-06-23,-0.005767642848353212
2019-06-24,0.013834137341245509
2019-06-25,0.029145190536330155
2019-06-26,0.08079713517902665
2019-06-27,-0.16882173760610913
2019-06-28,0.05700184979525323
2019-06-29,0.029972475386246217
2019-06-30,-0.09192874302220366
2019-07-01,0.007426563348041495
2019-07-02,-0.005982478918553754
2019-07-03,0.020269892245158756
2019-07-04,-0.03152728742818426
2019-07-05,0.007497017090434762
2019-07-06,-0.0010450596991640367
2019-07-07,0.0322511618446228
2019-07-08,0.02162852697719095
2019-07-09,-0.015414954038057007
2019-07-10,-0.03078885897316625
2019-07-11,-0.03356629436722009
2019-07-12,0.01437040750574559
2019-07-13,-0.012234843975283202
2019-07-14,-0.06654085787058281
2019-07-15,-0.0009841856531779942
2019-07-16,0.05541404164565383
2019-07-17,-0.02296084831856965
2019-07-18,-0.030493878951572965
2019-07-19,0.010461375462767954
2019-07-20,-0.017011413551723337
2019-07-21,0.008501465683030722
2019-07-22,0.01510497275781279
2019-07-23,0.008380329374652084
2019-07-24,-0.008512649848713673
2019-07-25,-0.005240045650230754
2019-07-26,0.0004624855983406584
2019-07-27,-0.0002426059756601505
2019-07-28,-0.008971083033834319
2019-07-29,0.00013025418376387353
2019-07-30,0.0015677911773282437
2019-07-31,-0.016386010347900933
2019-08-01,0.0014056140209889102
2019-08-02,-0.0002584129946933791
2019-08-03,0.0
2019-08-04,0.0
2019-08-05,0.0
2019-08-06,-0.0
2019-08-07,0.0
2019-08-08,-0.0
2019-08-09,-0.0
2019-08-10,0.01425457024604078
2019-08-11,-0.04131560923863611
2019-08-12,0.019280137363176606
2019-08-13,0.009674644611521904
2019-08-14,0.09344308584213677
2019-08-15,-0.006096490952788331
2019-08-16,0.008625687182885032
2019-08-17,2.119365809308228e-05
2019-08-18,-0.03563569865296951
2019-08-19,-0.02808414958934052
2019-08-20,0.01934390290423777
2019-08-21,0.03439354013963113
2019-08-22,-0.017495107943101638
2019-08-23,-0.00994623190125627
2019-08-24,0.01123674789817861
2019-08-25,-0.0003759604282489019
2019-08-26,-0.008342071289803021
2019-08-27,-0.00039255048073856167
2019-08-28,-0.0
2019-08-29,0.015236659740291997
2019-08-30,0.0012737001426138496
2019-08-31,-0.014160039207978403
2019-09-01,0.003554774786438046
2019-09-02,-0.028005433218240193
2019-09-03,-0.0023450161403502324
2019-09-04,0.01925630726195713
2019-09-05,0.0007427006361404796
2019-09-06,0.023257970955999838
2019-09-07,-0.08115214561199728
2019-09-08,-0.0009031669662231245
2019-09-09,0.000380943617717962
2019-09-10,0.007706891659597991
2019-09-11,0.007132650648508335
2019-09-12,-0.013748676271933654
2019-09-13,-0.0033016881824946727
2019-09-14,-0.03433739444998422
2019-09-15,-0.0005265906184108304
2019-09-16,0.0
2019-09-17,0.0
2019-09-18,0.0
2019-09-19,0.0
2019-09-20,-0.0
2019-09-21,-0.00751644864330412
2019-09-22,-0.01827620469966779
2019-09-23,-0.0005286429498815803
2019-09-24,-0.0
2019-09-25,-0.009123867469248238
2019-09-26,0.020701820655455172
2019-09-27,-0.04724341657810826
2019-09-28,0.0004821939411476846
2019-09-29,0.011575574314190758
2019-09-30,-0.029017460194745225
2019-10-01,0.007807742250852839
2019-10-02,-0.011423055389219642
2019-10-03,0.014192666192642102
2019-10-04,-0.0044546519576725545
2019-10-05,-0.0005813953894609798
2019-10-06,-0.0
2019-10-07,0.0
2019-10-08,-0.0
2019-10-09,-0.037584691799065116
2019-10-10,-0.00029767273057606527
2019-10-11,-0.0
2019-10-12,-0.0
2019-10-13,-0.006661271615213255
2019-10-14,-0.01356903034090835
2019-10-15,0.02313581971035305
2019-10-16,0.019770985597556804
2019-10-17,-0.00801529898558012
2019-10-18,0.030443130705357882
2019-10-19,0.011932175085015042
2019-10-20,-0.029141449259419316
2019-10-21,0.008183675216946223
2019-10-22,0.025017096333961705
2019-10-23,0.08725661408632436
2019-10-24,0.002446688666911909
2019-10-25,-0.17838932878963126
2019-10-26,-0.0008551786869566984
2019-10-27,0.0
2019-10-28,-0.005935849466655944
2019-10-29,0.02535111091317474
2019-10-30,-0.024411447256824217
2019-10-31,-0.0028443593174218365
2019-11-01,0.0031527164323032976
2019-11-02,-0.0013194419977564688
2019-11-03,-0.0038445061565665394
2019-11-04,0.014502325776166643
2019-11-05,0.011061661957039485
2019-11-06,0.008109947830663352
2019-11-07,-0.016600015108843902
2019-11-08,-0.009719128963935448
2019-11-09,-0.004157571096327485
2019-11-10,-0.00039440446300784945
2019-11-11,-0.016565313447874888
2019-11-12,0.0075793297952528845
2019-11-13,0.005443160219044214
2019-11-14,-0.0002845500309289228
2019-11-15,-0.0
2019-11-16,0.0
2019-11-17,0.0
2019-11-18,-0.0
2019-11-19,-0.0
2019-11-20,-0.0
2019-11-21,-0.0
2019-11-22,-0.0
2019-11-23,0.0
2019-11-24,-0.0
2019-11-25,0.0
2019-11-26,0.0
2019-11-27,0.0
2019-11-28,-0.0
2019-11-29,0.0
2019-11-30,-0.0
2019-12-01,-0.0
2019-12-02,-0.0
2019-12-03,-0.0
2019-12-04,-0.0
2019-12-05,0.0
2019-12-06,0.0
2019-12-07,-0.0
2019-12-08,0.0
2019-12-09,-0.0
2019-12-10,-0.0
2019-12-11,-0.0
2019-12-12,0.0
2019-12-13,-0.0
2019-12-14,-0.0
2019-12-15,0.0
2019-12-16,-0.0
2019-12-17,-0.0
2019-12-18,0.0
2019-12-19,-0.0
2019-12-20,0.0
2019-12-21,-0.0
2019-12-22,0.0
2019-12-23,-0.0
2019-12-24,-0.0
2019-12-25,-0.0
2019-12-26,0.0
2019-12-27,0.0
2019-12-28,0.0
2019-12-29,0.0
2019-12-30,-0.0
2019-12-31,-0.0
2020-01-01,0.0
2020-01-02,-0.0
2020-01-03,0.0
2020-01-04,0.0
2020-01-05,0.0
2020-01-06,0.0
2020-01-07,-0.0
2020-01-08,-0.0
2020-01-09,-0.0
2020-01-10,0.0
2020-01-11,-0.0
2020-01-12,0.0
2020-01-13,-0.0
2020-01-14,0.0
2020-01-15,-0.0
2020-01-16,-0.0
2020-01-17,0.0
2020-01-18,0.0
2020-01-19,-0.0
2020-01-20,0.0
2020-01-21,0.004697218721821631
2020-01-22,-0.0035807064492767333
2020-01-23,-0.012057227329077515
2020-01-24,0.00017159585922264602
2020-01-25,-0.00022368700199410662
2020-01-26,0.0
2020-01-27,0.006089344696966054
2020-01-28,0.012022547788389962
2020-01-29,-0.0013577043689257395
2020-01-30,0.021447992304164602
2020-01-31,-0.017539758598704994
2020-02-01,0.014364926770949304
2020-02-02,0.02009510236519719
2020-02-03,0.0037785757461787062
2020-02-04,-0.007402357878026964
2020-02-05,0.11075635500784745
2020-02-06,0.03824541683115838
2020-02-07,0.0483213437189179
2020-02-08,0.004867151718818077
2020-02-09,0.022076938411413637
2020-02-10,-0.021257619292508988
2020-02-11,0.06478264835439582
2020-02-12,0.12668906942749514
2020-02-13,0.004086137953352775
2020-02-14,0.055727579007760215
2020-02-15,-0.06193204613522636
2020-02-16,-0.011375365281009504
2020-02-17,0.015578028122094016
2020-02-18,0.04744973569643625
2020-02-19,-0.058634023479998444
2020-02-20,-0.006289053715843128
2020-02-21,0.01866717629597161
2020-02-22,-0.01044113220311262
2020-02-23,0.016354407863688435
2020-02-24,-0.025398375375009535
2020-02-25,-0.01918803658573847
2020-02-26,-0.02912967769698575
2020-02-27,0.0008489284109962501
2020-02-28,0.002943335609123822
2020-02-29,-0.011125395083386943
2020-03-01,-0.002000168256010918
2020-03-02,0.016870548097223024
2020-03-03,-0.008841362478127094
2020-03-04,-0.0002598411860343571
2020-03-05,0.005589030651910361
2020-03-06,0.02643147287033366
2020-03-07,-0.009136170032058659
2020-03-08,-0.10486471289583077
2020-03-09,-0.00042325403086304673
2020-03-10,0.0
2020-03-11,-0.0
2020-03-12,-0.0
2020-03-13,0.0
2020-03-14,-0.0
2020-03-15,0.0
2020-03-16,-0.0
2020-03-17,0.0
2020-03-18,-0.0
2020-03-19,0.0
2020-03-20,-0.0
2020-03-21,0.0
2020-03-22,-0.0
2020-03-23,0.0
2020-03-24,0.0
2020-03-25,-0.0
2020-03-26,0.0
2020-03-27,-0.0
2020-03-28,-0.0
2020-03-29,-0.0
2020-03-30,0.0
2020-03-31,0.0
2020-04-01,0.0
2020-04-02,0.0
2020-04-03,0.0
2020-04-04,0.0
2020-04-05,-0.0
2020-04-06,0.0
2020-04-07,-0.0
2020-04-08,0.0
2020-04-09,-0.0
2020-04-10,-0.0
2020-04-11,0.0
2020-04-12,0.003705656936194066
2020-04-13,-0.0065086639557973445
2020-04-14,0.003413837212181721
2020-04-15,-0.011546568076895521
2020-04-16,0.03883869887596848
2020-04-17,-0.0011905422476912852
2020-04-18,0.024894086982497725
2020-04-19,-0.009815501289418617
2020-04-20,-0.01496498233688756
2020-04-21,0.0006803462035349624
2020-04-22,0.01651273259524103
2020-04-23,0.004210198000862052
2020-04-24,0.0026631718333119106
2020-04-25,0.00827378085887048
2020-04-26,0.004257090201252294
2020-04-27,-0.0008930568349844883
2020-04-28,0.001475764855653564
2020-04-29,0.030635678732602353
2020-04-30,-0.012580869797246938
2020-05-01,0.009405087591833448
2020-05-02,0.002203882478831684
2020-05-03,-0.006355807061399021
2020-05-04,-0.005030687256293981
2020-05-05,-0.0033683394584689075
2020-05-06,-0.0036129536997113972
2020-05-07,0.020801959431246415
2020-05-08,-0.002503279368084709
2020-05-09,-0.007209613071314317
2020-05-10,-0.05263650058260859
2020-05-11,-0.00028483077454113763
2020-05-12,0.008424953273257558
2020-05-13,0.022152083725622825
2020-05-14,0.007154342717769732
2020-05-15,-0.016559953618396333
2020-05-16,0.011431665394060802
2020-05-17,0.012094184227474028
2020-05-18,0.01423313597718924
2020-05-19,-0.0035741779835460133
2020-05-20,-0.01631204710571942
2020-05-21,-0.04584090488364033
2020-05-22,0.034781856113334474
2020-05-23,-0.0007262082848408048
2020-05-24,-0.018267939925554096
2020-05-25,0.0036221678351304526
2020-05-26,-0.014223397566047487
2020-05-27,0.027161479655850248
2020-05-28,0.048354285444968684
2020-05-29,0.005030573232022449
2020-05-30,0.08277015598345236
2020-05-31,-0.0439193683822609
2020-06-01,0.06280054284618991
2020-06-02,-0.03713650796284238
2020-06-03,0.0213934167675795
2020-06-04,-0.0009588986135376493
2020-06-05,-0.010780696009727222
2020-06-06,0.005441836913099288
2020-06-07,0.007571257786270301
2020-06-08,0.005057553331723365
2020-06-09,-0.005391298781473455
2020-06-10,0.01100607467740833
2020-06-11,-0.05825323778941968
2020-06-12,-0.0005142775145901212
2020-06-13,0.0
2020-06-14,-0.0
2020-06-15,-0.0
2020-06-16,0.0
2020-06-17,-0.0
2020-06-18,-0.0
2020-06-19,-0.0
2020-06-20,0.0
2020-06-21,-0.0
2020-06-22,0.0
2020-06-23,-0.0012047864844342182
2020-06-24,-0.02152047529401837
2020-06-25,-0.00638375848523501
2020-06-26,-0.015001975596110165
2020-06-27,-0.024621056834494812
2020-06-28,-0.0003706088357442224
2020-06-29,0.008929113338324378
2020-06-30,-0.000351616792016088
2020-07-01,0.0
2020-07-02,-0.013460490577956142
2020-07-03,-0.00040527903701739184
2020-07-04,0.0
2020-07-05,-0.0
2020-07-06,0.0
2020-07-07,-0.005887925890344076
2020-07-08,0.019829568854410205
2020-07-09,-0.025312428782994924
2020-07-10,-0.0019080498895318956
2020-07-11,-0.004229437076945443
2020-07-12,0.009271170253913842
2020-07-13,-0.011776616859640775
2020-07-14,0.00750523227513625
2020-07-15,-0.014066036995350889
2020-07-16,-0.030145162475155474
2020-07-17,-0.0008879418087936285
2020-07-18,0.0
2020-07-19,0.011253547042930304
2020-07-20,-0.01022910266385714
2020-07-21,0.030260118697166237
2020-07-22,0.11825621051898559
2020-07-23,0.05137986719191456
2020-07-24,0.020315115233095735
2020-07-25,0.10935536538324912
2020-07-26,0.018375122868513408
2020-07-27,0.041566341713380264
2020-07-28,-0.017249822869226265
2020-07-29,-8.083191384800694e-05
2020-07-30,0.06050503947998845
2020-07-31,0.03136239057289428
2020-08-01,0.1242159416131433
2020-08-02,-0.03328972474911879
2020-08-03,0.028909965432460154
2020-08-04,0.010846942022227728
2020-08-05,0.020997095050941293
2020-08-06,-0.0143357377710401
2020-08-07,-0.029473199237728738
2020-08-08,0.025112576356095807
2020-08-09,-0.006544922450175913
2020-08-10,0.01275302573649194
2020-08-11,-0.03318804314574319
2020-08-12,0.008166543066686056
2020-08-13,0.07716377725999474
2020-08-14,0.022737842302448078
2020-08-15,-0.009904598371024163
2020-08-16,0.0005058206709812566
2020-08-17,-0.00025484604967951943
2020-08-18,-0.017323839525452415
2020-08-19,-0.03010755588076802
2020-08-20,0.017507752181705475
2020-08-21,-0.05345784861897839
2020-08-22,0.019178421492683857
2020-08-23,-0.008957098846203868
2020-08-24,0.019061764816466497
2020-08-25,-0.026977723756554616
2020-08-26,0.0028828566943887735
2020-08-27,-0.004311871923261665
2020-08-28,0.013931003578241438
2020-08-29,0.005627988503759898
2020-08-30,0.02915290114791431
2020-08-31,0.01414312276824939
2020-09-01,0.08287320865434787
2020-09-02,-0.05899812187231837
2020-09-03,-0.09367899720462283
2020-09-04,-0.00042968321312168093
2020-09-05,-0.043274488931560044
2020-09-06,-0.00018083224484704243
2020-09-07,-0.0
2020-09-08,-0.0
2020-09-09,0.0
2020-09-10,0.0
2020-09-11,0.0
2020-09-12,0.0
2020-09-13,-0.0
2020-09-14,0.0
2020-09-15,-0.0
2020-09-16,0.0007825138372421292
2020-09-17,0.01661440389979788
2020-09-18,-0.004582748894601161
2020-09-19,0.0019008544362168357
2020-09-20,-0.00930741197075902
2020-09-21,-0.019681151904125855
2020-09-22,-0.00015226484704241794
2020-09-23,-0.0
2020-09-24,0.0
2020-09-25,0.0
2020-09-26,0.0
2020-09-27,0.0
2020-09-28,-0.0
2020-09-29,0.0
2020-09-30,0.0
2020-10-01,-0.0
2020-10-02,-0.0
2020-10-03,0.0
2020-10-04,0.0
2020-10-05,0.0
2020-10-06,-0.016493457116436305
2020-10-07,-0.0002620984225260343
2020-10-08,0.0
2020-10-09,0.0
2020-10-10,0.005776588983291154
2020-10-11,0.003437782781384232
2020-10-12,0.01899608488292177
2020-10-13,-0.008197689127471566
2020-10-14,-0.00439750539770159
2020-10-15,-0.0031638826075841594
2020-10-16,-0.024911308922984418
2020-10-17,0.004196197053763686
2020-10-18,-0.00046902991337312885
2020-10-19,0.0
2020-10-20,-0.0
2020-10-21,0.0
2020-10-22,0.03473019871414325
2020-10-23,-0.014974083335370115
2020-10-24,0.008203625052833745
2020-10-25,-0.015756427499829615
2020-10-26,-0.03612459651069911
2020-10-27,0.029645276595086034
2020-10-28,-0.04353303375270019
2020-10-29,-0.0034119759319280515
2020-10-30,-0.00484700915885273
2020-10-31,0.0044491458322503
2020-11-01,-0.0003470691262305689
2020-11-02,-0.0
2020-11-03,0.006692262180415655
2020-11-04,0.01966972785298431
2020-11-05,0.021147173361443193
2020-11-06,0.10615491990985336
2020-11-07,-0.040279615049426946
2020-11-08,0.03746444094042832
2020-11-09,-0.020629688442109214
2020-11-10,0.01349471134876437
2020-11-11,0.025870536614836348
2020-11-12,-0.0029260007333756087
2020-11-13,0.02864446113811529
2020-11-14,-0.028327665228169305
2020-11-15,-0.026926407459826503
2020-11-16,0.027015166573360432
2020-11-17,0.04151317967627488
2020-11-18,-0.006494810439712533
2020-11-19,-0.016821371969547475
2020-11-20,0.07748667866225564
2020-11-21,0.06385365969344084
2020-11-22,0.026295520061382204
2020-11-23,0.06273806779075147
2020-11-24,-0.003607262231919637
2020-11-25,-0.048044016540053275
2020-11-26,-0.06429631465158006
2020-11-27,-0.001925050108775514
2020-11-28,0.03331673978983755
2020-11-29,0.045485794958867495
2020-11-30,0.04765884173993776
2020-12-01,-0.02835061063261656
2020-12-02,0.0119806341540977
2020-12-03,0.020661728039225193
2020-12-04,-0.04901356814298118
2020-12-05,0.012220548583914546
2020-12-06,0.007559934108274414
2020-12-07,-0.01106544949371493
2020-12-08,-0.04035152360007114
2020-12-09,0.02163191697299075
2020-12-10,-0.007466365946321858
2020-12-11,-0.008460607717085658
2020-12-12,0.013876257751137122
2020-12-13,0.01259292683122169
2020-12-14,-0.0023891088194515756
2020-12-15,0.0026757437365680144
2020-12-16,0.028455282147953887
2020-12-17,0.007470038859453178
2020-12-18,0.010743327989481934
2020-12-19,0.008986201864553777
2020-12-20,-0.025861179276370678
2020-12-21,-0.03423204218164034
2020-12-22,0.029511763236672234
2020-12-23,-0.05959437475220909
2020-12-24,-0.0004958031582550722
2020-12-25,0.01815570066533446
2020-12-26,0.013210273826315342
2020-12-27,0.034259525773014735
2020-12-28,0.0464108176746965
2020-12-29,0.0014558703592338872
2020-12-30,0.021189179998805402
2020-12-31,-0.013489456412604767
2021-01-01,-0.00928220414419311
2021-01-02,0.05086047328778006
2021-01-03,0.22634803202917622
2021-01-04,0.01819391852903401
2021-01-05,0.0316724803437603
2021-01-06,0.04089129898455881
2021-01-07,0.007854378560276576
2021-01-08,-0.0001698833819215135
2021-01-09,0.024870506333665644
2021-01-10,-0.007804163340861292
2021-01-11,-0.06807920655650294
2021-01-12,-0.01653721887231227
2021-01-13,0.03544546192625102
2021-01-14,0.030665761671714753
2021-01-15,-0.015118158659677347
2021-01-16,0.021750849883936843
2021-01-17,0.0033961673460447027
2021-01-18,0.0032340077742168483
2021-01-19,0.04305540278942039
2021-01-20,-0.005235706382894928
2021-01-21,-0.06784499097321041
2021-01-22,0.031190033751400104
2021-01-23,-0.0007581696979480388
2021-01-24,0.05460736294696496
2021-01-25,-0.01846338652820523
2021-01-26,0.011256917782733331
2021-01-27,-0.03614470917256418
2021-01-28,0.031401876787534845
2021-01-29,0.012382639674714783
2021-01-30,-0.0006555694557198735
2021-01-31,-0.018472768080781424
2021-02-01,0.01766256743574825
2021-02-02,0.050537740368158654
2021-02-03,0.03898726506748888
2021-02-04,-0.01347294581097223
2021-02-05,0.030425757927690106
2021-02-06,-0.00933243124824047
2021-02-07,-0.017384103446582224
2021-02-08,0.03349526524522381
2021-02-09,0.006742565061280593
2021-02-10,-0.005608532866650956
2021-02-11,0.011369836703326744
2021-02-12,0.01891598060768259
2021-02-13,-0.0082355870396679
2021-02-14,-0.0027250012806571675
2021-02-15,-0.008434361063324012
2021-02-16,-0.002483565262845636
2021-02-17,0.025235551654642984
2021-02-18,0.0342688550453006
2021-02-19,0.010592422821944997
2021-02-20,-0.017891124118008202
2021-02-21,0.008146333206333144
2021-02-22,-0.06326616388513237
2021-02-23,-0.044632042763108795
2021-02-24,0.01169708801037333
2021-02-25,-0.026513337912624186
2021-02-26,-0.011254330755141885
2021-02-27,0.002717402134445041
2021-02-28,-0.006785838321620282
2021-03-01,0.036309935042022116
2021-03-02,-0.015572422659637855
2021-03-03,0.020493164164681665
2021-03-04,-0.009096903111525848
2021-03-05,-0.0015049593328335614
2021-03-06,-0.00018904444279621384
2021-03-07,0.020501013332958902
2021-03-08,0.017798380692377446
2021-03-09,0.010818277110896486
2021-03-10,-0.017848923326835613
2021-03-11,0.007629530911374012
2021-03-12,-0.018560972117123636
2021-03-13,0.051025965771616395
2021-03-14,-0.01480829783018028
2021-03-15,-0.023280627973800025
2021-03-16,-0.0001712357735994876
2021-03-17,0.0038569225530383196
2021-03-18,-0.014476903603574695
2021-03-19,0.00541294570837634
2021-03-20,-0.00021036491771810154
2021-03-21,-0.005729888445167701
2021-03-22,-0.00021278483854039049
2021-03-23,-0.0
2021-03-24,-0.0
2021-03-25,0.0
2021-03-26,0.026157430982657156
2021-03-27,0.005377269455150084
2021-03-28,-0.008054863376296403
2021-03-29,0.03343334332154552
2021-03-30,0.013014367041422385
2021-03-31,0.03383709303838922
2021-04-01,0.02267613041199735
2021-04-02,0.06712438074102253
2021-04-03,-0.04244365273440538
2021-04-04,0.02056867914091986
2021-04-05,0.008709392904235886
2021-04-06,0.006765277356474185
2021-04-07,-0.051506890117045484
2021-04-08,0.036258016902237185
2021-04-09,-0.0046426036875276
2021-04-10,0.023399861515481533
2021-04-11,0.00496504196490408
2021-04-12,-0.0006924569115191618
2021-04-13,0.058711311392360285
2021-04-14,0.047823576875598066
2021-04-15,0.029951708305377217
2021-04-16,-0.03068820409161818
2021-04-17,-0.02855741432027432
2021-04-18,-0.033078959858844174
2021-04-19,-0.02638523223839176
2021-04-20,0.05638773445641032
2021-04-21,0.011080681082094705
2021-04-22,0.017272180880163034
2021-04-23,-0.0206981027108812
2021-04-24,-0.04240850438671137
2021-04-25,0.010971674098888676
2021-04-26,0.03826916671676424
2021-04-27,0.03299824808304943
2021-04-28,0.026127578360207064
2021-04-29,0.005437894982885329
2021-04-30,0.002578923371549547
2021-05-01,0.04846024233930319
2021-05-02,0.0006916640715865578
2021-05-03,0.11779689797947869
2021-05-04,-0.027382487917937168
2021-05-05,0.0448593216188829
2021-05-06,-0.0041745136573517775
2021-05-07,-0.0030440315014931395
2021-05-08,0.06898489289540342
2021-05-09,0.004277784593689214
2021-05-10,0.005727027723814135
2021-05-11,0.030641555483155718
2021-05-12,-0.026132172602721732
2021-05-13,-0.04175974466583854
2021-05-14,0.05886746223919082
2021-05-15,-0.05511734754508187
2021-05-16,-0.014188821703327407
2021-05-17,-0.039673008378825696
2021-05-18,0.006150618789558135
2021-05-19,-0.058299813647732686
2021-05-20,0.017102125708994432
2021-05-21,-0.022906474587422253
2021-05-22,-0.006508953651340339
2021-05-23,-0.00010089388394303751
2021-05-24,0.0
2021-05-25,0.00393393595292332
2021-05-26,0.009731285077222216
2021-05-27,-0.006626701993142732
2021-05-28,-0.01799463270350603
2021-05-29,-9.027267398356121e-05
2021-05-30,0.0
2021-05-31,0.0
2021-06-01,-0.00403512917159449
2021-06-02,0.004806967796575439
2021-06-03,0.007818435968640465
2021-06-04,-0.008867186988471946
2021-06-05,-8.964871950884486e-05
2021-06-06,0.0
2021-06-07,-0.0
2021-06-08,-0.004864114027087943
2021-06-09,0.006140550022730299
2021-06-10,-0.008814006536064782
2021-06-11,-0.00011063449601315409
2021-06-12,0.0
2021-06-13,0.0
2021-06-14,0.0
2021-06-15,-0.0
2021-06-16,-0.0
2021-06-17,0.0
2021-06-18,-0.0
2021-06-19,-0.0
2021-06-20,0.0
2021-06-21,-0.0
2021-06-22,-0.0
2021-06-23,0.0
2021-06-24,0.0
2021-06-25,-0.0
2021-06-26,-0.0
2021-06-27,0.0
2021-06-28,0.0
2021-06-29,0.0
2021-06-30,0.0
2021-07-01,-0.0
2021-07-02,0.0
2021-07-03,0.0
2021-07-04,0.0
2021-07-05,-0.0
2021-07-06,0.0
2021-07-07,-0.0
2021-07-08,-0.0
2021-07-09,0.0
2021-07-10,-0.0
2021-07-11,0.0
2021-07-12,-0.0
2021-07-13,-0.0
2021-07-14,0.0
2021-07-15,-0.0
2021-07-16,-0.0
2021-07-17,0.0
2021-07-18,-0.0
2021-07-19,-0.0
2021-07-20,-0.0
2021-07-21,0.0
2021-07-22,0.0
2021-07-23,0.0
2021-07-24,0.011007805107373873
2021-07-25,0.0013144364005772346
2021-07-26,0.009154318253106586
2021-07-27,0.007646819388600747
2021-07-28,0.0017562602930908191
2021-07-29,0.0325122672544114
2021-07-30,0.011594920225367903
2021-07-31,0.016111527903927492
2021-08-01,0.003142564063306448
2021-08-02,0.009635395410290404
2021-08-03,-0.01976904871116605
2021-08-04,0.039003397536595354
2021-08-05,0.031112954945537008
2021-08-06,0.01981496048276554
2021-08-07,0.07973946413240844
2021-08-08,-0.031303538723956255
2021-08-09,0.036476558008046646
2021-08-10,-0.004715095684483421
2021-08-11,0.008474269401571533
2021-08-12,-0.04162979185847112
2021-08-13,0.08532062965745785
2021-08-14,-0.01224109315670982
2021-08-15,0.010518131319946365
2021-08-16,-0.038418112273804796
2021-08-17,-0.03377172007019065
2021-08-18,0.0022527618916492603
2021-08-19,0.03211087094567149
2021-08-20,0.024093303484478457
2021-08-21,-0.009872986664196023
2021-08-22,0.0024524353248991096
2021-08-23,0.017224792014602988
2021-08-24,-0.03193517899165797
2021-08-25,0.005347782368593484
2021-08-26,-0.013453157188183833
2021-08-27,0.018738000253157375
2021-08-28,-0.007535643875417725
2021-08-29,-0.0033023575341846667
2021-08-30,0.0019917200597705004
2021-08-31,0.02695059815386331
2021-09-01,0.09004831258708677
2021-09-02,-0.0005216591781374705
2021-09-03,0.028302956119232593
2021-09-04,-0.007102245202183665
2021-09-05,0.014787877664149088
2021-09-06,-0.00597575480563495
2021-09-07,-0.12056762698101382
2021-09-08,0.007233872831319029
2021-09-09,-0.0076134087250878365
2021-09-10,-0.023699979350784616
2021-09-11,-0.0002131361096912857
2021-09-12,0.0
2021-09-13,-0.0
2021-09-14,0.0
2021-09-15,0.01612064146721787
2021-09-16,-0.002144991983372263
2021-09-17,-0.015886176040742037
2021-09-18,0.0026581208831055183
2021-09-19,-0.009886685920046266
2021-09-20,-0.033950766358634275
2021-09-21,-0.00019051801078952705
2021-09-22,0.0
2021-09-23,0.0
2021-09-24,-0.0
2021-09-25,-0.0
2021-09-26,0.0
2021-09-27,-0.0
2021-09-28,-0.0
2021-09-29,0.0
2021-09-30,0.0
2021-10-01,0.029501442232848243
2021-10-02,0.007867120988542803
2021-10-03,0.0021599664180664575
2021-10-04,-0.0024154904389609103
2021-10-05,0.010833259876049117
2021-10-06,0.005546072604080326
2021-10-07,4.085983082390857e-05
2021-10-08,-0.004868090560313307
2021-10-09,0.0030428453955705054
2021-10-10,-0.024626864802080647
2021-10-11,0.016752182353823013
2021-10-12,-0.005887703055211224
2021-10-13,0.025672108677179582
2021-10-14,0.04437612866840671
2021-10-15,0.018199899119837788
2021-10-16,-0.006082321677158638
2021-10-17,-0.00018710420427458618
2021-10-18,-0.023024463234139682
2021-10-19,0.035318228277732816
2021-10-20,0.0732154325318414
2021-10-21,-0.02097752491701509
2021-10-22,-0.0260352275465421
2021-10-23,0.05289222606104724
2021-10-24,-0.0220160357535009
2021-10-25,0.03633970326207806
2021-10-26,-0.021690911970008248
2021-10-27,-0.0472562708599157
2021-10-28,0.0832541655131345
2021-10-29,0.027447530662096802
2021-10-30,-0.020208701402373352
2021-10-31,-0.0037340948040035975
2021-11-01,0.006573886681271191
2021-11-02,0.054468167919880836
2021-11-03,0.0022594219995523946
2021-11-04,-0.012465145219485605
2021-11-05,-0.011621869904623439
2021-11-06,0.00678876661028847
2021-11-07,0.019125415976817925
2021-11-08,0.03956311608196076
2021-11-09,-0.01414864007726746
2021-11-10,-0.02366536991650861
2021-11-11,0.022263206303981046
2021-11-12,-0.013492626424661208
2021-11-13,-0.003931968175065865
2021-11-14,-0.007846286714405586
2021-11-15,-0.009076845669258541
2021-11-16,-0.07660619660400318
2021-11-17,0.0031429106129999954
2021-11-18,-0.03750087720249801
2021-11-19,0.039958139963799856
2021-11-20,0.012824293651997078
2021-11-21,-0.010511027397646856
2021-11-22,-0.021967781723113936
2021-11-23,-0.0002657534325589579
2021-11-24,-0.008669665325658587
2021-11-25,0.026050228727643725
2021-11-26,-0.04145653027003802
2021-11-27,0.002881700493350033
2021-11-28,-0.00020526487203530684
2021-11-29,0.012286045726975527
2021-11-30,0.029433088817976304
2021-12-01,-0.008688764052101448
2021-12-02,-0.00831977388473833
2021-12-03,-0.02183816303564404
2021-12-04,-0.00019922151886959423
2021-12-05,0.0
2021-12-06,0.0
2021-12-07,-0.003102994135929226
2021-12-08,0.009341979319770724
2021-12-09,-0.020940485096718888
2021-12-10,-0.00020557137895602142
2021-12-11,0.0
2021-12-12,0.0
2021-12-13,-0.0
2021-12-14,0.0
2021-12-15,0.0
2021-12-16,-0.0
2021-12-17,-0.0
2021-12-18,0.0
2021-12-19,-0.0
2021-12-20,0.0
2021-12-21,0.0
2021-12-22,-0.0
2021-12-23,0.0
2021-12-24,-0.006584343446791693
2021-12-25,-0.00027209174553868067
2021-12-26,-0.0
2021-12-27,-0.006789209132409873
2021-12-28,-0.0005754617584341329
2021-12-29,-0.0
2021-12-30,0.0
2021-12-31,-0.0
2022-01-01,0.0
2022-01-02,0.0
2022-01-03,-0.0
2022-01-04,0.0
2022-01-05,-0.0
2022-01-06,-0.0
2022-01-07,-0.0
2022-01-08,-0.0
2022-01-09,0.0
2022-01-10,-0.0
2022-01-11,0.0
2022-01-12,0.0
2022-01-13,-0.0
2022-01-14,0.0
2022-01-15,0.0
2022-01-16,0.0
2022-01-17,-0.0
2022-01-18,-0.0
2022-01-19,-0.0
2022-01-20,-0.0
2022-01-21,-0.0
2022-01-22,-0.0
2022-01-23,0.0
2022-01-24,-0.0
2022-01-25,0.0
2022-01-26,0.0
2022-01-27,-0.0
2022-01-28,0.0
2022-01-29,0.0
2022-01-30,0.0
2022-01-31,0.0
2022-02-01,0.0
2022-02-02,-0.0
2022-02-03,-0.0
2022-02-04,0.0
2022-02-05,0.0
2022-02-06,0.0
2022-02-07,0.0
2022-02-08,-0.0
2022-02-09,0.0
2022-02-10,-0.0
2022-02-11,-0.0
2022-02-12,-0.0
2022-02-13,-0.0
2022-02-14,0.0
2022-02-15,0.0
2022-02-16,-0.0
2022-02-17,-0.0
2022-02-18,-0.0
2022-02-19,-0.0
2022-02-20,-0.0
2022-02-21,-0.0
2022-02-22,0.0
2022-02-23,-0.0
2022-02-24,0.0
2022-02-25,0.0
2022-02-26,-0.0
2022-02-27,-0.0
2022-02-28,0.0
2022-03-01,0.0
2022-03-02,-0.0
2022-03-03,-0.0
2022-03-04,-0.0
2022-03-05,0.0
2022-03-06,-0.0
2022-03-07,-0.0
2022-03-08,0.0
2022-03-09,0.0
2022-03-10,-0.0
2022-03-11,-0.0
2022-03-12,0.0
2022-03-13,-0.0
2022-03-14,0.0
2022-03-15,0.0
2022-03-16,0.0
2022-03-17,0.0
2022-03-18,0.0
2022-03-19,0.0
2022-03-20,-0.0
2022-03-21,0.0
2022-03-22,0.0
2022-03-23,0.0062938425517271735
2022-03-24,0.013390614921352571
2022-03-25,-0.001068906970843777
2022-03-26,0.007047171931462694
2022-03-27,0.026142505052027986
2022-03-28,0.010100970224983928
2022-03-29,0.009047743026523426
2022-03-30,-0.0018765243573249989
2022-03-31,-0.022766419203250447
2022-04-01,0.034109970523349416
2022-04-02,0.0009309137643245816
2022-04-03,0.013702149280382643
2022-04-04,0.0006864350666531482
2022-04-05,-0.01945710742366565
2022-04-06,-0.04861438000061852
2022-04-07,-0.0004128477684696396
2022-04-08,-0.0
2022-04-09,0.0
2022-04-10,-0.0
2022-04-11,-0.0
2022-04-12,0.0
2022-04-13,0.0
2022-04-14,-0.0
2022-04-15,0.0
2022-04-16,0.0
2022-04-17,-0.0
2022-04-18,0.0
2022-04-19,0.0
2022-04-20,-0.0
2022-04-21,-0.0
2022-04-22,-0.0
2022-04-23,-0.0
2022-04-24,-0.0
2022-04-25,0.0
2022-04-26,-0.0
2022-04-27,0.0
2022-04-28,0.0
2022-04-29,-0.0
2022-04-30,-0.0
2022-05-01,0.0
2022-05-02,0.0
2022-05-03,-0.0
2022-05-04,0.0
2022-05-05,-0.0
2022-05-06,-0.0
2022-05-07,-0.0
2022-05-08,-0.0
2022-05-09,-0.0
2022-05-10,0.0
2022-05-11,-0.0
2022-05-12,-0.0
2022-05-13,0.0
2022-05-14,0.0
2022-05-15,0.0
2022-05-16,-0.0
2022-05-17,0.0
2022-05-18,-0.0
2022-05-19,0.0
2022-05-20,-0.0
2022-05-21,0.0
2022-05-22,0.0
2022-05-23,-0.0
2022-05-24,0.0
2022-05-25,-0.0
2022-05-26,-0.0
2022-05-27,-0.0
2022-05-28,0.0
2022-05-29,0.0
2022-05-30,0.0
2022-05-31,-0.0
2022-06-01,-0.0
2022-06-02,0.0
2022-06-03,-0.0
2022-06-04,0.0
2022-06-05,0.0
2022-06-06,0.0
2022-06-07,-0.0
2022-06-08,-0.0
2022-06-09,-0.0
2022-06-10,-0.0
2022-06-11,-0.0
2022-06-12,-0.0
2022-06-13,-0.0
2022-06-14,0.0
2022-06-15,0.0
2022-06-16,-0.0
2022-06-17,0.0
2022-06-18,-0.0
2022-06-19,0.0
2022-06-20,-0.0
2022-06-21,0.0
2022-06-22,-0.0
2022-06-23,0.0
2022-06-24,0.0
2022-06-25,0.0
2022-06-26,-0.0
2022-06-27,-0.0
2022-06-28,-0.0
2022-06-29,-0.0
2022-06-30,-0.0
2022-07-01,0.0
2022-07-02,0.0
2022-07-03,0.0
2022-07-04,0.0
2022-07-05,-0.0
2022-07-06,0.0
2022-07-07,0.0
2022-07-08,-0.0
2022-07-09,-0.0
2022-07-10,-0.0
2022-07-11,-0.0
2022-07-12,-0.0
2022-07-13,0.0
2022-07-14,0.0
2022-07-15,0.0
2022-07-16,0.0
2022-07-17,-0.0
2022-07-18,0.0
2022-07-19,-0.0
2022-07-20,-0.0
2022-07-21,0.0
2022-07-22,-0.0
2022-07-23,0.0
2022-07-24,0.0
2022-07-25,-0.0
2022-07-26,-0.0
2022-07-27,0.0
2022-07-28,0.0
2022-07-29,0.0
2022-07-30,-0.0
2022-07-31,-0.0
2022-08-01,-0.0
2022-08-02,0.0
2022-08-03,-0.0
2022-08-04,-0.0
2022-08-05,0.0
2022-08-06,-0.0
2022-08-07,0.0
2022-08-08,0.0
2022-08-09,-0.0
2022-08-10,0.02821552875985152
2022-08-11,0.004561592915767399
2022-08-12,0.012885367856359567
2022-08-13,0.004215898012134851
2022-08-14,-0.007179666801823495
2022-08-15,-0.006288045270676599
2022-08-16,-0.004657599076838294
2022-08-17,-0.010537452342856154
2022-08-18,0.0040289809325488885
2022-08-19,-0.05922116673250365
2022-08-20,-0.0002813572277786352
2022-08-21,0.0
2022-08-22,-0.0
2022-08-23,0.0
2022-08-24,-0.0
2022-08-25,0.0
2022-08-26,-0.0
2022-08-27,-0.0
2022-08-28,-0.0
2022-08-29,0.0
2022-08-30,-0.0
2022-08-31,0.0
2022-09-01,0.0
2022-09-02,-0.0
2022-09-03,-0.0
2022-09-04,0.0
2022-09-05,0.0
2022-09-06,-0.0
2022-09-07,0.0
2022-09-08,0.0
2022-09-09,0.0
2022-09-10,0.0
2022-09-11,-0.0
2022-09-12,-0.0
2022-09-13,-0.0
2022-09-14,0.0
2022-09-15,-0.0
2022-09-16,-0.0
2022-09-17,0.0
2022-09-18,-0.0
2022-09-19,0.0
2022-09-20,-0.0
2022-09-21,-0.0
2022-09-22,0.0
2022-09-23,0.0
2022-09-24,-0.0
2022-09-25,-0.0
2022-09-26,0.0
2022-09-27,-0.0
2022-09-28,0.0
2022-09-29,-0.0
2022-09-30,-0.0
2022-10-01,-0.0
2022-10-02,-0.0
2022-10-03,0.0
2022-10-04,0.0
2022-10-05,-0.0
2022-10-06,-0.0
2022-10-07,-0.0
2022-10-08,-0.0
2022-10-09,0.0
2022-10-10,-0.0
2022-10-11,-0.0
2022-10-12,0.0
2022-10-13,-0.0
2022-10-14,0.0
2022-10-15,-0.0
2022-10-16,0.0
2022-10-17,0.0
2022-10-18,-0.0
2022-10-19,-0.0
2022-10-20,-0.0
2022-10-21,0.0
2022-10-22,0.009162782114068367
2022-10-23,-0.0005285276187935204
2022-10-24,-0.013764013410700193
2022-10-25,0.08483549359953085
2022-10-26,0.0474024438889621
2022-10-27,-0.03906194708424051
2022-10-28,0.027983110097758997
2022-10-29,0.041774645936421516
2022-10-30,-0.018464008464763898
2022-10-31,-0.011817279514522718
2022-11-01,0.0025695454738674886
2022-11-02,-0.03938512277120836
2022-11-03,0.00287249804136223
2022-11-04,0.03616609621775928
2022-11-05,-0.009831926595740354
2022-11-06,-0.028714898523347077
2022-11-07,-0.00236989191561642
2022-11-08,-0.06523338109303461
2022-11-09,-0.00026022354654274576
2022-11-10,-0.0461430867837881
2022-11-11,-0.00014737740283391742
2022-11-12,0.004483787442815652
2022-11-13,0.005217881822914783
2022-11-14,-0.007096597213651085
2022-11-15,-0.003076967744242432
2022-11-16,0.012155760566208481
2022-11-17,0.0054107919832447286
2022-11-18,-0.003645308209025098
2022-11-19,-0.0034266885422503716
2022-11-20,0.014326373353553343
2022-11-21,0.0122045396664742
2022-11-22,-0.010853938076286273
2022-11-23,-0.018788775466867438
2022-11-24,-0.007208526294400359
2022-11-25,0.0012988400125932345
2022-11-26,-0.002198866862840152
2022-11-27,0.0029180063499897077
2022-11-28,0.010439029698943112
2022-11-29,-0.02083266319143938
2022-11-30,-0.04329509874893487
2022-12-01,0.00911025006921891
2022-12-02,-0.007245271088459192
2022-12-03,0.02167638479941678
2022-12-04,-0.0166175433866115
2022-12-05,0.008610564103888196
2022-12-06,-0.0047940670592743545
2022-12-07,0.015446039680786781
2022-12-08,-0.020448276701463083
2022-12-09,0.007049810945460787
2022-12-10,-0.0002967398766229238
2022-12-11,0.002490490574606567
2022-12-12,-0.010915256564944716
2022-12-13,-0.02142495680512726
2022-12-14,-0.006310449483551391
2022-12-15,-0.020089849095893036
2022-12-16,-0.00035712882534912597
2022-12-17,-0.019155607786327872
2022-12-18,-0.00035272638915588036
2022-12-19,0.016286332557209494
2022-12-20,-0.04325501445752127
2022-12-21,0.0020410831987164833
2022-12-22,-0.002034490308608995
2022-12-23,-0.0013974177091673522
2022-12-24,-0.00040223785596357265
2022-12-25,0.001272731587359834
2022-12-26,-0.0032621368405717894
2022-12-27,-0.00035453236361873274
2022-12-28,-0.0
2022-12-29,0.0
2022-12-30,0.0008013547583082198
2022-12-31,0.0029774504333083037
2023-01-01,-0.005162864767553019
2023-01-02,-0.016107483078207547
2023-01-03,0.0005068967423162572
2023-01-04,-0.04719693785777378
2023-01-05,0.002624108254794686
2023-01-06,-0.01663676268393956
2023-01-07,-0.0006398301777224006
2023-01-08,-0.018713825420468
2023-01-09,0.02971206195251726
2023-01-10,0.014295299748679907
2023-01-11,0.04294441586810459
2023-01-12,0.030139140340120326
2023-01-13,0.025097067495634857
2023-01-14,0.07502028712997465
2023-01-15,0.0002839525872182034
2023-01-16,0.0261386531663563
2023-01-17,-0.008314800092142817
2023-01-18,-0.05595670648219064
2023-01-19,0.030085489288914007
2023-01-20,0.1065517331766944
2023-01-21,-0.02440693897371867
2023-01-22,-5.1807547644766084e-05
2023-01-23,-0.00039173923260119395
2023-01-24,-0.05791858784695501
2023-01-25,0.03932172133684916
2023-01-26,-0.004186623617311641
2023-01-27,-0.002853342878235916
2023-01-28,-0.019647384242980265
2023-01-29,0.052905438039790816
2023-01-30,-0.05177898561109211
2023-01-31,0.005427725080510419
2023-02-01,0.01765101328042609
2023-02-02,0.002241397814382951
2023-02-03,0.011342438331504725
2023-02-04,0.003394974245870138
2023-02-05,-0.026256814249108272
2023-02-06,-0.011237462068036858
2023-02-07,0.03875262526780952
2023-02-08,-0.014623439186260157
2023-02-09,-0.06837949918889201
2023-02-10,-0.011551524633257612
2023-02-11,0.009356082844812421
2023-02-12,-0.009371468105630757
2023-02-13,-0.002749269380097971
2023-02-14,-0.0003239757220910297
2023-02-15,0.042109696030677164
2023-02-16,-0.017381372325882775
2023-02-17,0.03085539987615483
2023-02-18,-0.0030145477440534263
2023-02-19,-0.004778646853372998
2023-02-20,0.011338242119608303
2023-02-21,-0.029594310400066222
2023-02-22,-0.008893132111290076
2023-02-23,0.004890273188904978
2023-02-24,-0.027669922992760623
2023-02-25,-0.009850761596124594
2023-02-26,-0.0006522994733530068
2023-02-27,-0.0026612108568488707
2023-02-28,-0.009323673067325655
2023-03-01,-0.00033638906188855004
2023-03-02,-0.005644692327839408
2023-03-03,-0.03043564700293188
2023-03-04,-0.0003815487387760224
2023-03-05,0.0004350481943217623
2023-03-06,-0.0015324789805242866
2023-03-07,0.00286092638156427
2023-03-08,0.013258379395871343
2023-03-09,-0.0004883302191320485
2023-03-10,-0.0
2023-03-11,0.0
2023-03-12,0.0
2023-03-13,0.030901356737447185
2023-03-14,0.0170197966719804
2023-03-15,-0.03033242048399461
2023-03-16,0.012783802947073989
2023-03-17,0.06717784412545486
2023-03-18,-0.013669734141884068
2023-03-19,0.019235556384639457
2023-03-20,-0.03255869177486232
2023-03-21,0.03445847347980188
2023-03-22,-0.03272167249463616
2023-03-23,0.03977264602555374
2023-03-24,-0.032875302886282605
2023-03-25,-0.004282269461882172
2023-03-26,0.017376716282702924
2023-03-27,-0.03018685895236561
2023-03-28,0.014007900119154195
2023-03-29,0.008766179783593257
2023-03-30,-0.0010031015846811778
2023-03-31,0.015806098235858303
2023-04-01,-0.0008808051517386904
2023-04-02,-0.015222214119293712
2023-04-03,0.0044942729836415524
2023-04-04,0.03291098778750105
2023-04-05,0.024597671941697027
2023-04-06,-0.021936130396001837
2023-04-07,-0.003842830641642689
2023-04-08,-0.009523811598764349
2023-04-09,0.006017292436233771
2023-04-10,0.03504091218185318
2023-04-11,-0.014278318523135677
2023-04-12,0.02235254820989443
2023-04-13,0.07208965595034869
2023-04-14,0.07116840711944283
2023-04-15,-0.00560347742180442
2023-04-16,0.01722301403415377
2023-04-17,-0.033774437932801354
2023-04-18,0.019535706726931237
2023-04-19,-0.12866370221725845
2023-04-20,0.0036477513130599723
2023-04-21,-0.05650922770472687
2023-04-22,0.007156500500700166
2023-04-23,-0.0037436917695450756
2023-04-24,-0.005863697536323732
2023-04-25,0.007536098551039456
2023-04-26,-0.0004086851611857416
2023-04-27,0.01289908354930705
2023-04-28,-0.004596997429122131
2023-04-29,0.0034739259580135974
2023-04-30,-0.006030695335713958
2023-05-01,-0.016373693212785853
2023-05-02,0.012318949325947055
2023-05-03,0.009661963301139527
2023-05-04,-0.01793117861693561
2023-05-05,0.08160815444111993
2023-05-06,-0.0528658850734772
2023-05-07,-0.0001580603855598479
2023-05-08,-0.0142569768515021
2023-05-09,-0.0003165316997368893
2023-05-10,-0.0
2023-05-11,-0.0
2023-05-12,0.0
2023-05-13,-0.0
2023-05-14,0.0
2023-05-15,0.0
2023-05-16,0.0
2023-05-17,-0.0
2023-05-18,-0.0
2023-05-19,0.0
2023-05-20,0.0
2023-05-21,-0.0
2023-05-22,0.004282729516050884
2023-05-23,-0.0004438703589369491
2023-05-24,-0.022297316528403735
2023-05-25,0.002268201161883334
2023-05-26,-0.0004391255932278543
2023-05-27,0.00017785428391449312
2023-05-28,0.055290653648337816
2023-05-29,-0.019038832425394468
2023-05-30,0.0025696605002284703
2023-05-31,-0.03181812707097795
2023-06-01,-0.013494044367110183
2023-06-02,0.02613100091265251
2023-06-03,-0.017489934337562695
2023-06-04,0.00023463867761730684
2023-06-05,-0.0012519632631954822
2023-06-06,-0.03495593241116663
2023-06-07,-0.022802026967009104
2023-06-08,-0.0074166948405673715
2023-06-09,0.003562367006452877
2023-06-10,0.03535404522465409
2023-06-11,0.0002993019648488194
2023-06-12,0.003594301439998136
2023-06-13,0.002142732897447487
2023-06-14,0.03620469453866483
2023-06-15,-0.005536566260345749
2023-06-16,-0.042251286098369006
2023-06-17,-0.004464630169135571
2023-06-18,0.0028592693684009085
2023-06-19,-0.006009442126882602
2023-06-20,-0.021672459251618554
2023-06-21,-0.00041023388342374304
2023-06-22,-0.012861392089862062
2023-06-23,0.010551716542731182
2023-06-24,-0.009617102417003764
2023-06-25,0.014518428842666228
2023-06-26,-0.02761881377495513
2023-06-27,0.010378709011511677
2023-06-28,-0.00038363837931112743
2023-06-29,0.0
2023-06-30,0.0
2023-07-01,-0.008548301096195799
2023-07-02,0.008186242423653706
2023-07-03,0.012263183050546252
2023-07-04,-0.01060291806066175
2023-07-05,-0.010557121605679788
2023-07-06,-0.04478901465240257
2023-07-07,-0.007088838554533572
2023-07-08,-0.0029184870933302402
2023-07-09,-0.0016512655274612386
2023-07-10,0.013340158298927155
2023-07-11,-0.001256148198113376
2023-07-12,-0.0035368701874422233
2023-07-13,0.06483390250946605
2023-07-14,-0.04672985921024576
2023-07-15,-0.002003349928809408
2023-07-16,-0.004748736136360814
2023-07-17,-0.008772024994423987
2023-07-18,-0.010761526666064147
2023-07-19,-0.0061367529457754385
2023-07-20,0.001726665992560122
2023-07-21,-0.00015049033189662775
2023-07-22,-0.013709180938314951
2023-07-23,-0.0004841450793214125
2023-07-24,-0.0
2023-07-25,0.0
2023-07-26,0.0
2023-07-27,-0.005932032019714191
2023-07-28,-0.008180349992561682
2023-07-29,-0.0004961945666214326
2023-07-30,-0.0
2023-07-31,0.0017741763217284851
2023-08-01,-0.004864343695616592
2023-08-02,-0.000492911565705228
2023-08-03,0.0017178531627024029
2023-08-04,0.018453414488391814
2023-08-05,-0.010423730427763718
2023-08-06,0.015115797551892077
2023-08-07,0.001757630857246924
2023-08-08,-0.06197434051506111
2023-08-09,-0.00013807233072271738
2023-08-10,0.003785784802076855
2023-08-11,0.0036797529617700014
2023-08-12,-0.0021943774482930875
2023-08-13,-0.001065384030796516
2023-08-14,0.0
2023-08-15,-0.0
2023-08-16,0.023268708536394178
2023-08-17,0.1417833471339015
2023-08-18,0.03376645307284456
2023-08-19,-0.010223574981002364
2023-08-20,-0.01789193498566653
2023-08-21,0.018824325292603125
2023-08-22,0.04203030384073134
2023-08-23,-0.05668799452989519
2023-08-24,0.0232332969530396
2023-08-25,0.0037265270745725607
2023-08-26,0.007381154696181462
2023-08-27,-0.011862034680901447
2023-08-28,0.0040017108146817165
2023-08-29,-0.08235545067527814
2023-08-30,0.009062573034678277
2023-08-31,0.026618662188282814
2023-09-01,0.014425422303484288
2023-09-02,-0.007431607873184386
2023-09-03,0.0010178163887523053
2023-09-04,0.007094086386239274
2023-09-05,-0.004887754162449027
2023-09-06,0.00014353547421625164
2023-09-07,-0.016321166149447706
2023-09-08,0.011107730880884101
2023-09-09,0.0018141968609799125
2023-09-10,0.020272752741126526
2023-09-11,0.08129379152198896
2023-09-12,-0.05049494150098926
2023-09-13,-0.015156756947284585
2023-09-14,-0.02166618887147742
2023-09-15,-0.009289655898824549
2023-09-16,0.004696984570369764
2023-09-17,0.007317991329570992
2023-09-18,-0.018628505390863033
2023-09-19,-0.004134648828184748
2023-09-20,0.012870304154832129
2023-09-21,0.02684549306039568
2023-09-22,-0.006321288693062913
2023-09-23,7.52838873064824e-05
2023-09-24,0.015839766356186336
2023-09-25,-0.00892909210363581
2023-09-26,-0.006376861963306052
2023-09-27,-0.006280959867065004
2023-09-28,-0.07784274270133164
2023-09-29,-0.009364759073908716
2023-09-30,-0.00214934324108163
2023-10-01,-0.0005735200749197783
2023-10-02,-0.0
2023-10-03,-0.0
2023-10-04,-0.0
2023-10-05,-0.0
2023-10-06,-0.0194264813189358
2023-10-07,-0.0005555130611598637
2023-10-08,0.0005558257298809132
2023-10-09,0.05858610686133504
2023-10-10,0.011686517824321799
2023-10-11,0.0030742380096291885
2023-10-12,0.014680584580992709
2023-10-13,-0.014321627037666072
2023-10-14,-0.006151263491947349
2023-10-15,-0.000872859715058357
2023-10-16,-0.049569080421513215
2023-10-17,0.03595378441345067
2023-10-18,0.0017067620761130411
2023-10-19,-0.003603510214439287
2023-10-20,-0.043747796546220484
2023-10-21,-0.012564006668728507
2023-10-22,-0.0004958695944692156
2023-10-23,0.0
2023-10-24,0.008805389591432226
2023-10-25,0.0006361248582815967
2023-10-26,0.00807579415485539
2023-10-27,-0.010723792023224514
2023-10-28,-0.00216221205054595
2023-10-29,0.009566684589452845
2023-10-30,0.005579331536414385
2023-10-31,0.001958828012539362
2023-11-01,0.016050008288573895
2023-11-02,-0.024120957289429125
2023-11-03,0.015830090545222435
2023-11-04,0.012461729676742006
2023-11-05,0.0169688799880547
2023-11-06,0.001425100469172303
2023-11-07,-0.012896188091081923
2023-11-08,0.006193393766443752
2023-11-09,0.22022073237862064
2023-11-10,-0.0185917386840696
2023-11-11,-0.017632446595349717
2023-11-12,-0.0008155667188204018
2023-11-13,0.009440678305835795
2023-11-14,-0.043474856234850666
2023-11-15,0.03900199220302466
2023-11-16,-0.04826499510634106
2023-11-17,-0.000519760057460576
2023-11-18,0.00164668182656097
2023-11-19,0.023207993498581284
2023-11-20,0.0031103931714571483
2023-11-21,-0.018671665815930757
2023-11-22,0.02809431604203683
2023-11-23,-0.0008422561150712478
2023-11-24,0.006787783697646261
2023-11-25,0.002136345078159039
2023-11-26,-0.008245490351805313
2023-11-27,-0.01640680896563024
2023-11-28,0.009638112919814385
2023-11-29,-0.009017386211209056
2023-11-30,0.013513157662040576
2023-12-01,0.021631253171034998
2023-12-02,0.047878900081090775
2023-12-03,0.015978983835190648
2023-12-04,0.024393873328983847
2023-12-05,0.030709498273482832
2023-12-06,-0.03490774794504448
2023-12-07,0.07960969075047093
2023-12-08,0.0025109215188497992
2023-12-09,-0.009759575900726736
2023-12-10,0.0049472860834090405
2023-12-11,-0.07200976538712056
2023-12-12,-0.011492580775499472
2023-12-13,0.03714593487836285
2023-12-14,0.03482636808727898
2023-12-15,-0.05606493860546641
2023-12-16,0.0003898359642357
2023-12-17,-0.0068003329191733035
2023-12-18,0.004359083389607364
2023-12-19,-0.011130084587694933
2023-12-20,0.005484054906557771
2023-12-21,0.011555565536081525
2023-12-22,0.04769984285025524
2023-12-23,-0.008079479693487109
2023-12-24,-0.022553614328590328
2023-12-25,0.0011823483899074012
2023-12-26,-0.02478247916445494
2023-12-27,0.08324819832175309
2023-12-28,-0.013635064232386033
2023-12-29,-0.02787058443955696
2023-12-30,-0.0012299651818552613
2023-12-31,-0.007518607577564443
2024-01-01,0.03868480961654601
2024-01-02,0.005342988109551134
2024-01-03,-0.08269551683931306
2024-01-04,-0.000776976694222355
2024-01-05,-0.0
2024-01-06,-0.015687071141119745
2024-01-07,-0.0007044840064608578
2024-01-08,0.0
2024-01-09,0.0013453554986159384
2024-01-10,0.05882929396903323
2024-01-11,0.008995079227524076
2024-01-12,-0.03353498376658782
2024-01-13,0.02045151563095484
2024-01-14,-0.03352690253867616
2024-01-15,0.011085524116811685
2024-01-16,0.025719431544707766
2024-01-17,-0.022622234176386348
2024-01-18,-0.020042267640155136
2024-01-19,0.0081596288572656
2024-01-20,-0.007205491183197322
2024-01-21,-0.0029775064749476272
2024-01-22,-0.025614082756631146
2024-01-23,-0.013139701236224299
2024-01-24,-0.00024788086167948126
2024-01-25,-0.0
2024-01-26,0.0
2024-01-27,-0.0
2024-01-28,-0.0
2024-01-29,0.0
2024-01-30,0.006307757099325912
2024-01-31,-0.01798146674381207
2024-02-01,-0.0003911195707626348
2024-02-02,0.0
2024-02-03,-0.00784637881145204
2024-02-04,-0.0049389283947528775
2024-02-05,0.005949027548726764
2024-02-06,0.027048110039231313
2024-02-07,0.03201021800708039
2024-02-08,-0.00192517122870341
2024-02-09,0.04353609632205396
2024-02-10,0.002319619989264861
2024-02-11,0.001087760572343341
2024-02-12,0.05712207968878923
2024-02-13,-0.011152475289077682
2024-02-14,0.0900098260971798
2024-02-15,0.024943008150604996
2024-02-16,-0.012445096274748654
2024-02-17,-0.008806703547996567
2024-02-18,0.04880275104305102
2024-02-19,0.03668770524276746
2024-02-20,0.03262470819971717
2024-02-21,-0.02656471978964321
2024-02-22,0.0036519482634230337
2024-02-23,-0.025544791392126724
2024-02-24,0.033804774072992434
2024-02-25,0.060763924494870336
2024-02-26,0.029757342993498078
2024-02-27,0.03168370014222255
2024-02-28,0.06004729521838545
2024-02-29,-0.011489433361139658
2024-03-01,0.03710774006688582
2024-03-02,-0.007523922740313911
2024-03-03,0.02536532446330354
2024-03-04,0.06669267173398298
2024-03-05,-0.0332415552766676
2024-03-06,0.11789568991688071
2024-03-07,0.01592524536809782
2024-03-08,0.00900392452455234
2024-03-09,0.006359303951679943
2024-03-10,-0.014673108398682348
2024-03-11,0.06842477014821834
2024-03-12,-0.03147624716488578
2024-03-13,0.010173283354595681
2024-03-14,-0.0374412605178151
2024-03-15,-0.04453903159443344
2024-03-16,-0.06354674833480552
2024-03-17,0.0163107287589007
2024-03-18,-0.014608886984898243
2024-03-19,-0.04917789175236421
2024-03-20,0.04437409743981635
2024-03-21,-0.002901757456659183
2024-03-22,-0.016816826457829136
2024-03-23,0.003724896298543503
2024-03-24,0.009875696389487834
2024-03-25,0.013557344378349396
2024-03-26,-0.0002819761661764676
2024-03-27,-0.01892187142159182
2024-03-28,0.006560801257315428
2024-03-29,-0.010045393639742654
2024-03-30,-0.0020803579338186393
2024-03-31,0.013561804654007059
2024-04-01,-0.0264236538565859
2024-04-02,-0.045702339961994465
2024-04-03,-0.0004224778110609111
2024-04-04,0.0
2024-04-05,-0.0
2024-04-06,0.0
2024-04-07,0.0
2024-04-08,0.0
2024-04-09,-0.022008914638821743
2024-04-10,-0.00024007340707977035
2024-04-11,-0.0
2024-04-12,-0.0
2024-04-13,-0.0
2024-04-14,0.0
2024-04-15,-0.0
2024-04-16,-0.0
2024-04-17,-0.0
2024-04-18,0.0
2024-04-19,-0.0
2024-04-20,0.0
2024-04-21,-0.0
2024-04-22,0.0
2024-04-23,0.0
2024-04-24,-0.01813311306029765
2024-04-25,-0.00040238944324208904
2024-04-26,-0.006427461879199723
2024-04-27,-0.0003968730493114891
2024-04-28,0.0015051894314964658
2024-04-29,-0.0003902343629851591
2024-04-30,-0.0
2024-05-01,-0.0
2024-05-02,0.0
2024-05-03,0.0
2024-05-04,0.0
2024-05-05,0.0
2024-05-06,-0.0
2024-05-07,-0.0
2024-05-08,-0.0
2024-05-09,0.0
2024-05-10,-0.0
2024-05-11,0.0
2024-05-12,0.0
2024-05-13,0.0
2024-05-14,-0.0
2024-05-15,0.0
2024-05-16,-0.0
2024-05-17,0.0
2024-05-18,0.007523166134017221
2024-05-19,-0.014020369938718583
2024-05-20,0.15938972226072753
2024-05-21,0.035673751226238865
2024-05-22,-0.014436419939038967
2024-05-23,0.006607491536134249
2024-05-24,-0.01016749862052008
2024-05-25,0.005117988807090115
2024-05-26,0.01969403575655185
2024-05-27,0.016105897861450624
2024-05-28,-0.011006293781974683
2024-05-29,-0.019471404922253664
2024-05-30,-0.00593161365251856
2024-05-31,0.0020117361567456677
2024-06-01,0.0074375333983834864
2024-06-02,-0.008907998995785931
2024-06-03,-0.0037841531202904856
2024-06-04,0.01198042643540817
2024-06-05,0.013788745485359502
2024-06-06,-0.014239081675630217
2024-06-07,-0.01889127270107824
2024-06-08,-0.0003210922517607634
2024-06-09,0.003291329289448587
2024-06-10,-0.016517209958910543
2024-06-11,-0.07929591760765836
2024-06-12,0.02530536867205701
2024-06-13,-0.03528137266158065
2024-06-14,0.0036006385850080114
2024-06-15,0.03349723728508675
2024-06-16,0.01886099935888204
2024-06-17,-0.040107331700134835
2024-06-18,-0.011524997909963345
2024-06-19,0.029052180212101573
2024-06-20,-0.0007622600409651284
2024-06-21,0.0
2024-06-22,-0.008611425924805668
2024-06-23,-0.0007402194232310435
2024-06-24,-0.0
2024-06-25,0.0
2024-06-26,-0.0
2024-06-27,0.0
2024-06-28,-0.0
2024-06-29,0.0
2024-06-30,0.0
2024-07-01,-0.0
2024-07-02,-0.0
2024-07-03,-0.0
2024-07-04,-0.0
2024-07-05,-0.0
2024-07-06,0.0
2024-07-07,-0.0
2024-07-08,0.0
2024-07-09,0.0
2024-07-10,0.0
2024-07-11,-0.0
2024-07-12,0.0
2024-07-13,0.0
2024-07-14,0.0
2024-07-15,0.0
2024-07-16,-0.0
2024-07-17,-0.0
2024-07-18,0.008109944498297371
2024-07-19,-0.0004767120158005121
2024-07-20,0.0
2024-07-21,0.001691752306680937
2024-07-22,-0.020128970834950966
2024-07-23,-0.00047964860737268426
2024-07-24,-0.0
2024-07-25,-0.0
2024-07-26,0.0
2024-07-27,-0.0
2024-07-28,0.0
2024-07-29,0.0
2024-07-30,-0.0
2024-07-31,-0.0
2024-08-01,-0.0
2024-08-02,-0.0
2024-08-03,-0.0
2024-08-04,-0.0
2024-08-05,-0.0
2024-08-06,0.0
2024-08-07,-0.0
2024-08-08,0.0
2024-08-09,-0.0
2024-08-10,0.0
2024-08-11,-0.0
2024-08-12,0.0
2024-08-13,-0.0
2024-08-14,-0.0
2024-08-15,-0.0
2024-08-16,0.0
2024-08-17,0.0
2024-08-18,0.0
2024-08-19,0.0
2024-08-20,-0.0
2024-08-21,0.0
2024-08-22,-0.0
2024-08-23,0.0
2024-08-24,-0.0
2024-08-25,-0.0
2024-08-26,-0.0
2024-08-27,-0.0
2024-08-28,0.0
2024-08-29,-0.0
2024-08-30,-0.0
2024-08-31,-0.0
2024-09-01,-0.0
2024-09-02,0.0
2024-09-03,-0.0
2024-09-04,0.0
2024-09-05,-0.0
2024-09-06,-0.0
2024-09-07,0.0
2024-09-08,0.0
2024-09-09,0.0
2024-09-10,0.0
2024-09-11,-0.0
2024-09-12,0.0
2024-09-13,0.0
2024-09-14,-0.0
2024-09-15,-0.0
2024-09-16,-0.0
2024-09-17,0.0
2024-09-18,0.0
2024-09-19,0.0
2024-09-20,0.0
2024-09-21,0.0
2024-09-22,-0.0
2024-09-23,0.0
2024-09-24,0.0
2024-09-25,-0.0
2024-09-26,0.0
2024-09-27,0.0
2024-09-28,-0.0
2024-09-29,-0.0
2024-09-30,-0.0
2024-10-01,-0.0
2024-10-02,-0.0
2024-10-03,-0.0
2024-10-04,0.0
2024-10-05,-0.0
2024-10-06,0.0
2024-10-07,-0.0
2024-10-08,0.0
2024-10-09,-0.0
2024-10-10,0.0
2024-10-11,0.0
2024-10-12,0.0
2024-10-13,-0.0
2024-10-14,0.0
2024-10-15,-0.010807275436601678
2024-10-16,0.003894950875925235
2024-10-17,-0.0005445854888144388
2024-10-18,0.0
2024-10-19,0.0032975370081280847
2024-10-20,0.04941895927763192
2024-10-21,-0.03829637492528847
2024-10-22,-0.02472536460340343
2024-10-23,-0.0008897090198458652
2024-10-24,0.0
2024-10-25,-0.0
2024-10-26,0.0
2024-10-27,0.0
2024-10-28,0.0
2024-10-29,0.0
2024-10-30,0.0
2024-10-31,-0.0
2024-11-01,-0.0
2024-11-02,-0.0
2024-11-03,-0.0
2024-11-04,-0.0
2024-11-05,0.0
2024-11-06,0.0
2024-11-07,0.05689361546860181
2024-11-08,0.020607704654985803
2024-11-09,0.05284323251054859
2024-11-10,0.024911193523023328
2024-11-11,0.09866252528607188
2024-11-12,-0.057896526237116254
2024-11-13,-0.01737614568360343
2024-11-14,-0.035407957197325125
2024-11-15,0.011244193612060808
2024-11-16,0.010006320636698696
2024-11-17,-0.01742365498417851
2024-11-18,0.03222362241096121
2024-11-19,-0.020133155146038445
2024-11-20,-0.0004975035770383249
2024-11-21,0.0
2024-11-22,-0.009849692932906056
2024-11-23,0.033241734919224414
2024-11-24,-0.015773728685412103
2024-11-25,0.03129825079070685
2024-11-26,-0.04946391014558932
2024-11-27,0.19283555562351937
2024-11-28,-0.03931741058465082
2024-11-29,0.005094714962161402
2024-11-30,0.05627118640731619
2024-12-01,0.0011474187319962846
2024-12-02,-0.03813701829877513
2024-12-03,-0.006756834834806397
2024-12-04,0.11128208536734094
2024-12-05,-0.023993311993708438
2024-12-06,0.10428583480918968
2024-12-07,-0.0033825158680323287
2024-12-08,-0.002209621810428635
2024-12-09,-0.12876777475413032
2024-12-10,-0.03633593737346166
2024-12-11,0.04518449959757501
2024-12-12,0.01771586867588637
2024-12-13,0.012807197419343847
2024-12-14,-0.016966007226374615
2024-12-15,0.03618932495512801
2024-12-16,0.021227315813321764
2024-12-17,-0.027477884769200316
2024-12-18,-0.06786073064376745
2024-12-19,-0.05706573878331929
2024-12-20,0.01126696808561872
2024-12-21,-0.0394510317971267
2024-12-22,-0.0005743329447782974
2024-12-23,0.0
2024-12-24,0.018322681940766833
2024-12-25,-0.001227902254699861
2024-12-26,-0.045616642469988304
2024-12-27,-0.0010824880625424184
2024-12-28,-0.0006052583543551111
2024-12-29,-0.0
2024-12-30,0.0
2024-12-31,-0.0
2025-01-01,0.005929122951906252
2025-01-02,0.035451239443808444
2025-01-03,0.054732149829783326
2025-01-04,0.015698926181606117
2025-01-05,-0.006092976685253215
2025-01-06,0.01374862235139738
2025-01-07,-0.0930340342477492
2025-01-08,-0.0006832438727968461
2025-01-09,-0.0
2025-01-10,0.0
2025-01-11,0.0
2025-01-12,-0.0
2025-01-13,-0.0
2025-01-14,0.0
2025-01-15,0.0
2025-01-16,-0.0
2025-01-17,0.0
2025-01-18,-0.05114766442799938
2025-01-19,-0.0005999063864935611
2025-01-20,0.0
2025-01-21,0.0
2025-01-22,-0.023708157250054915
2025-01-23,-0.0005541473653516828
2025-01-24,-0.0
2025-01-25,0.0
2025-01-26,-0.0
2025-01-27,-0.0
2025-01-28,-0.0
2025-01-29,0.0
2025-01-30,0.0
2025-01-31,0.0
2025-02-01,-0.0
2025-02-02,-0.0
2025-02-03,0.0
2025-02-04,-0.0
2025-02-05,0.0
2025-02-06,-0.0
2025-02-07,-0.0
2025-02-08,0.0
2025-02-09,-0.0
2025-02-10,0.0
2025-02-11,-0.0
2025-02-12,0.0
2025-02-13,-0.0
2025-02-14,0.0
2025-02-15,-0.0
2025-02-16,-0.0
2025-02-17,0.0
2025-02-18,-0.0
2025-02-19,0.0
2025-02-20,0.0
2025-02-21,-0.0
2025-02-22,0.0
2025-02-23,0.0
2025-02-24,-0.0
2025-02-25,-0.0
2025-02-26,-0.0
2025-02-27,-0.0
2025-02-28,-0.0
2025-03-01,-0.0
2025-03-02,0.0
2025-03-03,-0.0
2025-03-04,0.0
2025-03-05,0.0
2025-03-06,-0.0
2025-03-07,-0.0
2025-03-08,0.0
2025-03-09,-0.0
2025-03-10,-0.0
2025-03-11,0.0
2025-03-12,-0.0
2025-03-13,-0.0
2025-03-14,0.0
2025-03-15,0.0
2025-03-16,-0.0
2025-03-17,0.0
2025-03-18,0.0
2025-03-19,0.0
2025-03-20,-0.0
2025-03-21,-0.0
2025-03-22,0.0
2025-03-23,0.0
2025-03-24,0.0
2025-03-25,-0.0
2025-03-26,-0.0
2025-03-27,-0.0
2025-03-28,-0.0
2025-03-29,-0.0
2025-03-30,-0.0
2025-03-31,0.0
2025-04-01,0.0
2025-04-02,-0.0
2025-04-03,0.0
2025-04-04,-0.0
2025-04-05,-0.0
2025-04-06,-0.0
2025-04-07,-0.0
2025-04-08,-0.0
2025-04-09,0.0
2025-04-10,-0.0
2025-04-11,0.0
2025-04-12,0.0
2025-04-13,-0.0
2025-04-14,0.0
2025-04-15,-0.0
2025-04-16,-0.0
2025-04-17,0.0
2025-04-18,0.0
2025-04-19,0.0
2025-04-20,-0.0
2025-04-21,-0.0
2025-04-22,0.0
2025-04-23,0.0
2025-04-24,-0.0
2025-04-25,0.0
2025-04-26,0.0
2025-04-27,-0.0
2025-04-28,0.0
2025-04-29,-0.0
2025-04-30,0.0
2025-05-01,0.0
2025-05-02,0.0
2025-05-03,-0.0
2025-05-04,-0.0
2025-05-05,0.0
2025-05-06,-0.0
2025-05-07,0.0
2025-05-08,0.0
2025-05-09,0.02043075621164497
2025-05-10,0.030695906868543423
2025-05-11,-0.008524100892764843
2025-05-12,-0.0016018167759711032
2025-05-13,0.021937754963198195
2025-05-14,-0.00805187433852006
2025-05-15,-0.006972649589037356
2025-05-16,0.0006445580701460665
2025-05-17,-0.00808662828648106
2025-05-18,-0.001018923832774002
2025-05-19,0.006882598999026949
2025-05-20,-0.00015570158406642286
2025-05-21,-0.00016954478127208702
2025-05-22,0.010780740913782104
2025-05-23,-0.014427135148668798
2025-05-24,-0.0001693292732404681
2025-05-25,0.0
2025-05-26,0.0014166916080105964
2025-05-27,0.010659189805575101
2025-05-28,0.0015954808726649275
2025-05-29,-0.006985478113602876
2025-05-30,-0.018252570844724127
2025-05-31,-0.000265950669262731
2025-06-01,0.0
2025-06-02,0.0
2025-06-03,-0.003825327841019837
2025-06-04,0.003814913751727082
2025-06-05,-0.050712513684629465
2025-06-06,-0.0004202185382648909
2025-06-07,0.0
2025-06-08,-0.0
2025-06-09,0.0
2025-06-10,0.04844358339072684
2025-06-11,-0.01106066436415627
2025-06-12,-0.04365932682731562
2025-06-13,-0.0005960254912043447
2025-06-14,-0.0
2025-06-15,0.0
2025-06-16,0.0
2025-06-17,-0.010610956708605198
2025-06-18,-0.0003057130633913316
2025-06-19,0.0
2025-06-20,-0.0
2025-06-21,-0.0
2025-06-22,-0.0
2025-06-23,0.0
2025-06-24,0.0
2025-06-25,-0.0
2025-06-26,-0.0
2025-06-27,0.0
2025-06-28,0.0
2025-06-29,0.0
2025-06-30,-0.0
2025-07-01,-0.0
2025-07-02,0.038452038931658834
2025-07-03,0.0017884250854441133
2025-07-04,-0.014709689377406604
2025-07-05,0.0015040314566638364
2025-07-06,0.018623900491982964
2025-07-07,-0.00981080802871821
2025-07-08,0.02652830230442822
2025-07-09,0.056173655274983296
2025-07-10,0.05393052989140209
2025-07-11,0.002308915101124052
2025-07-12,-0.006006703931373144
2025-07-13,0.009468016734458646
2025-07-14,0.015680277877562404
2025-07-15,0.04487845549924039
2025-07-16,0.08253685882810291
2025-07-17,0.03683958093918521
2025-07-18,0.015206256119094132
2025-07-19,0.01412512849650314
2025-07-20,0.04587620837545987
2025-07-21,0.0028243729493995554
2025-07-22,-0.0060176762163032926
2025-07-23,-0.03693711026255423
2025-07-24,0.024068548196739772
2025-07-25,0.0040233053416727175
2025-07-26,0.006550885235498041
2025-07-27,0.03791997120284108
2025-07-28,-0.023095056946133567
2025-07-29,-0.0001631277043242951
2025-07-30,0.003071744521821444
2025-07-31,-0.03543560118679758
2025-08-01,-0.03804120266015988
2025-08-02,-0.013917619026721239
2025-08-03,0.017036091253068885
2025-08-04,0.031603180555598846
2025-08-05,-0.01398580044196393
2025-08-06,0.010075076284302752
2025-08-07,0.033410036518959144
2025-08-08,0.028805506943348266
2025-08-09,0.06138009738886186
2025-08-10,-0.0031218743913686638
2025-08-11,-0.004895206294566506
2025-08-12,0.08498374801597684
2025-08-13,0.03068560926793069
2025-08-14,-0.03671149033512352
2025-08-15,-0.02382951440771594
2025-08-16,-0.0014252922140755339
2025-08-17,0.011870810567393423
2025-08-18,-0.030551703931990488
2025-08-19,-0.04209492410467021
2025-08-20,0.022238069656289324
2025-08-21,-0.019848544368497346
2025-08-22,0.05558418271579471
2025-08-23,-0.0072162289742203605
2025-08-24,0.001118788010649919
2025-08-25,-0.0557307725915727
2025-08-26,0.015170478983757464
2025-08-27,-0.012466002406333629
2025-08-28,-0.0004637143122300563
2025-08-29,-0.018438970067847723
2025-08-30,0.0006793247692020081
2025-08-31,0.003381919085694952
2025-09-01,-0.013487270037843588
2025-09-02,0.0014700060544611101
2025-09-03,0.01034464512454441
2025-09-04,-0.010578949298318124
2025-09-05,-0.0006699582859156943
2025-09-06,-0.0025098639918082724
2025-09-07,0.0030458306432947007
2025-09-08,-0.0009112290318664939
2025-09-09,0.00033859353796431967
2025-09-10,0.0033140882310581377
2025-09-11,0.009776269492104842
2025-09-12,0.031255283419448686
2025-09-13,-0.004196159868053624
2025-09-14,-0.013216321361416514
2025-09-15,-0.026063152097670482
2025-09-16,-0.006189635030422476
2025-09-17,0.0309792940452989
2025-09-18,-0.003127849890064859
2025-09-19,-0.04483130650651482
2025-09-20,0.0069807083077310815
2025-09-21,-0.011217441455105205
2025-09-22,-0.0009470832305383707
2025-09-23,-0.0
2025-09-24,-0.0
2025-09-25,-0.0
2025-09-26,0.0
2025-09-27,-0.0
2025-09-28,0.0
2025-09-29,0.0
2025-09-30,-0.0
2025-10-01,0.0
2025-10-02,0.016657185158718606
2025-10-03,0.00979372780750807
2025-10-04,-0.007759355006201733
2025-10-05,0.007177776443358604
2025-10-06,0.04414804729584474
2025-10-07,-0.0533334532919359
2025-10-08,0.014684179905622664
2025-10-09,-0.03582014438210497
2025-10-10,-0.11447662578650666
2025-10-11,-0.0005974138626712115
2025-10-12,0.0
2025-10-13,0.0
2025-10-14,-0.0
2025-10-15,-0.0
2025-10-16,-0.0
2025-10-17,-0.0
2025-10-18,0.0
2025-10-19,0.0
2025-10-20,-0.0
2025-10-21,-0.0
2025-10-22,-0.0
2025-10-23,0.0
2025-10-24,0.0
2025-10-25,0.0
2025-10-26,0.0
2025-10-27,-0.0043705415917714
2025-10-28,-0.012204565180217838
2025-10-29,-0.0002233779600409049
2025-10-30,-0.0
2025-10-31,0.0
2025-11-01,0.0
2025-11-02,0.0
2025-11-03,-0.0
2025-11-04,-0.0
2025-11-05,0.0
2025-11-06,-0.0
2025-11-07,0.0
2025-11-08,-0.0
2025-11-09,0.0
2025-11-10,-0.0
2025-11-11,-0.0
2025-11-12,-0.0
2025-11-13,-0.0
2025-11-14,-0.0
2025-11-15,0.0
2025-11-16,-0.0
2025-11-17,-0.0
2025-11-18,0.0
2025-11-19,-0.0
2025-11-20,-0.0
2025-11-21,-0.0
2025-11-22,0.0
2025-11-23,0.0
2025-11-24,0.0
2025-11-25,0.0
2025-11-26,0.0
2025-11-27,-0.0
2025-11-28,0.0
2025-11-29,-0.0
2025-11-30,0.0
2025-12-01,-0.0
2025-12-02,0.0
2025-12-03,0.0
2025-12-04,-0.0
2025-12-05,-0.0
2025-12-06,0.0
2025-12-07,0.0
2025-12-08,0.0
2025-12-09,0.0
2025-12-10,0.0
2025-12-11,-0.0
2025-12-12,-0.0
2025-12-13,0.0
2025-12-14,-0.0
2025-12-15,-0.0
2025-12-16,-0.0
2025-12-17,-0.0
2025-12-18,-0.0
2025-12-19,0.0
2025-12-20,-0.0
2025-12-21,0.0
2025-12-22,0.0
2025-12-23,-0.0
2025-12-24,-0.0
2025-12-25,-0.0
2025-12-26,0.0
2025-12-27,0.0
2025-12-28,0.0
2025-12-29,-0.0
2025-12-30,0.0
2025-12-31,-0.0
2026-01-01,0.0
2026-01-02,0.0
2026-01-03,0.0
2026-01-04,0.0
2026-01-05,0.0
2026-01-06,0.0
2026-01-07,-0.0
2026-01-08,-0.0
2026-01-09,-0.0
2026-01-10,-0.0
2026-01-11,0.0
2026-01-12,-0.0
2026-01-13,0.0
2026-01-14,0.006648775875851135
2026-01-15,-0.008928968131963057
2026-01-16,-0.004085923204393703
2026-01-17,0.0023377905522988197
2026-01-18,-0.0011119538461806325
2026-01-19,-0.02455112201830421
2026-01-20,-0.050110959666366126
2026-01-21,-0.0003865471125394744
2026-01-22,-0.0
2026-01-23,0.0
2026-01-24,-0.0
2026-01-25,-0.0
2026-01-26,0.0
2026-01-27,0.0
2026-01-28,-0.0
2026-01-29,-0.0
2026-01-30,-0.0
2026-01-31,-0.0
2026-02-01,-0.0
2026-02-02,0.0
2026-02-03,-0.0
2026-02-04,-0.0
2026-02-05,-0.0
2026-02-06,0.0
2026-02-07,0.0
2026-02-08,0.0
2026-02-09,0.0
2026-02-10,-0.0
2026-02-11,-0.0
2026-02-12,0.0
2026-02-13,0.0
2026-02-14,0.0
2026-02-15,-0.0
2026-02-16,0.0
2026-02-17,-0.0
2026-02-18,-0.0
2026-02-19,-0.0
2026-02-20,0.0
2026-02-21,0.0
2026-02-22,-0.0
2026-02-23,-0.0
2026-02-24,-0.0
2026-02-25,0.0
2026-02-26,-0.0
2026-02-27,-0.0
2026-02-28,0.0
2026-03-01,-0.0
2026-03-02,0.0
2026-03-03,-0.0
2026-03-04,0.0
2026-03-05,-0.0
2026-03-06,-0.0
2026-03-07,-0.0
2026-03-08,-0.0
2026-03-09,0.0
2026-03-10,0.0
2026-03-11,0.0
2026-03-12,0.0
2026-03-13,0.0
2026-03-14,0.0
2026-03-15,0.0
2026-03-16,0.0
2026-03-17,-0.0
2026-03-18,-0.0
2026-03-19,-0.0
2026-03-20,0.0
2026-03-21,-0.0
2026-03-22,-0.0
2026-03-23,0.0
2026-03-24,0.0
2026-03-25,0.0
2026-03-26,-0.0
2026-03-27,-0.0
2026-03-28,0.0
2026-03-29,-0.0
2026-03-30,0.0
2026-03-31,0.0
2026-04-01,0.0
2026-04-02,-0.0
2026-04-03,-0.0
2026-04-04,0.0
2026-04-05,0.0
2026-04-06,-0.0
2026-04-07,0.0402877539396816
2026-04-08,-0.01436933220455985
2026-04-09,0.00034701005266213786
2026-04-10,0.013424621943062478
